1	87	2590	197
87	1	2590	197
1	312	2794	793
312	1	2794	793
1	478	3198	1098
478	1	3198	1098
1	489	3125	1193
489	1	3125	1193
1	520	3088	577
520	1	3088	577
1	682	2477	36
682	1	2477	36
1	705	2883	5122
705	1	2883	5122
1	935	2631	2269
935	1	2631	2269
1	980	2639	5557
980	1	2639	5557
2	33	2899	269
33	2	2899	269
2	737	3142	1241
737	2	3142	1241
2	777	3121	641
777	2	3121	641
3	485	2929	605
485	3	2929	605
3	584	2867	578
584	3	2867	578
3	614	2807	505
614	3	2807	505
3	663	2642	533
663	3	2642	533
3	937	2439	6925
937	3	2439	6925
4	460	3091	178
460	4	3091	178
4	476	2846	394
476	4	2846	394
4	534	2634	218
534	4	2634	218
4	768	2547	153
768	4	2547	153
5	573	2939	2122
573	5	2939	2122
5	656	2785	500
656	5	2785	500
5	887	2657	962
887	5	2657	962
5	958	3086	6290
958	5	3086	6290
6	57	3176	130
57	6	3176	130
6	585	2955	612
585	6	2955	612
6	710	2553	1665
710	6	2553	1665
7	61	2804	241
61	7	2804	241
7	351	3092	436
351	7	3092	436
7	459	3044	1040
459	7	3044	1040
7	487	2618	450
487	7	2618	450
7	721	3026	173
721	7	3026	173
7	724	3165	340
724	7	3165	340
8	267	3034	802
267	8	3034	802
8	773	3162	4500
773	8	3162	4500
8	988	2777	4724
988	8	2777	4724
9	338	2456	272
338	9	2456	272
9	436	2585	1261
436	9	2585	1261
9	804	2827	200
804	9	2827	200
9	888	2856	1261
888	9	2856	1261
10	515	2698	692
515	10	2698	692
10	732	2554	113
732	10	2554	113
11	259	2640	185
259	11	2640	185
11	347	3116	905
347	11	3116	905
11	432	2661	485
432	11	2661	485
11	467	3117	820
467	11	3117	820
11	479	3185	578
479	11	3185	578
11	858	2443	3445
858	11	2443	3445
11	900	2765	4405
900	11	2765	4405
11	974	2973	1145
974	11	2973	1145
12	450	2652	1345
450	12	2652	1345
12	584	2502	68
584	12	2502	68
12	614	2712	185
614	12	2712	185
12	937	2896	4745
937	12	2896	4745
12	976	3150	4329
976	12	3150	4329
13	137	3123	557
137	13	3123	557
13	269	2525	584
269	13	2525	584
13	838	2926	730
838	13	2926	730
13	887	2654	2925
887	13	2654	2925
14	324	2408	689
324	14	2408	689
14	587	2556	1125
587	14	2556	1125
14	785	2855	2320
785	14	2855	2320
14	950	3171	1810
950	14	3171	1810
14	987	3022	2440
987	14	3022	2440
14	991	2436	1465
991	14	2436	1465
15	377	2503	625
377	15	2503	625
16	407	2881	740
407	16	2881	740
16	507	2560	212
507	16	2560	212
16	789	2561	296
789	16	2561	296
16	840	2639	3560
840	16	2639	3560
16	938	2846	404
938	16	2846	404
16	986	3054	1858
986	16	3054	1858
17	717	2466	580
717	17	2466	580
17	745	3039	80
745	17	3039	80
17	764	2452	173
764	17	2452	173
17	966	3093	256
966	17	3093	256
18	454	2881	1053
454	18	2881	1053
18	644	2542	100
644	18	2542	100
18	976	2964	5330
976	18	2964	5330
19	142	2839	394
142	19	2839	394
19	212	2625	450
212	19	2625	450
19	625	3194	500
625	19	3194	500
20	348	2962	905
348	20	2962	905
20	685	3011	1730
685	20	3011	1730
20	864	2733	1040
864	20	2733	1040
21	533	2538	980
533	21	2538	980
21	564	2649	277
564	21	2649	277
21	779	2507	2176
779	21	2507	2176
21	946	2578	205
946	21	2578	205
22	481	2540	74
481	22	2540	74
22	782	3179	20
782	22	3179	20
22	890	2948	5986
890	22	2948	5986
23	211	2766	53
211	23	2766	53
23	890	2418	340
890	23	2418	340
23	914	2813	6626
914	23	2813	6626
23	921	2411	1773
921	23	2411	1773
24	392	2775	464
392	24	2775	464
24	617	3046	1096
617	24	3046	1096
24	824	2444	5002
824	24	2444	5002
24	919	2628	3988
919	24	2628	3988
24	981	2532	5002
981	24	2532	5002
25	144	3022	505
144	25	3022	505
25	785	3099	1850
785	25	3099	1850
25	894	3133	6052
894	25	3133	6052
25	987	3067	8642
987	25	3067	8642
26	512	2858	821
512	26	2858	821
26	528	3164	212
528	26	3164	212
26	948	2621	1
948	26	2621	1
27	464	2661	884
464	27	2661	884
27	481	2976	788
481	27	2976	788
27	784	2729	241
784	27	2729	241
27	924	2597	5945
924	27	2597	5945
28	264	2830	148
264	28	2830	148
28	803	3189	6201
803	28	3189	6201
28	917	2812	754
917	28	2812	754
29	53	2404	208
53	29	2404	208
29	329	2933	810
329	29	2933	810
29	842	2925	458
842	29	2925	458
29	962	2851	1312
962	29	2851	1312
30	394	3075	328
394	30	3075	328
30	852	2587	1937
852	30	2587	1937
31	604	2698	265
604	31	2698	265
31	831	2623	1937
831	31	2623	1937
31	935	2722	328
935	31	2722	328
32	164	2644	265
164	32	2644	265
32	359	2867	202
359	32	2867	202
32	694	3184	625
694	32	3184	625
32	840	2499	657
840	32	2499	657
33	166	3129	26
166	33	3129	26
33	351	2581	512
351	33	2581	512
33	653	2588	2405
653	33	2588	2405
33	737	2647	2610
737	33	2647	2610
33	777	2486	306
777	33	2486	306
34	228	2986	17
228	34	2986	17
34	440	2568	4
440	34	2568	4
34	661	2869	1312
661	34	2869	1312
34	954	2939	745
954	34	2939	745
35	49	3148	514
49	35	3148	514
35	549	2756	577
549	35	2756	577
35	551	2534	617
551	35	2534	617
36	266	3113	416
266	36	3113	416
36	647	3192	1189
647	36	3192	1189
36	697	2610	162
697	36	2610	162
37	475	2962	365
475	37	2962	365
37	551	2712	656
551	37	2712	656
38	431	3113	298
431	38	3113	298
38	917	2828	2026
917	38	2828	2026
38	962	2484	1690
962	38	2484	1690
39	406	2815	1060
406	39	2815	1060
39	617	2948	481
617	39	2948	481
39	867	2428	3536
867	39	2428	3536
39	929	2541	181
929	39	2541	181
39	996	2576	808
996	39	2576	808
40	281	3174	130
281	40	3174	130
40	373	2453	20
373	40	2453	20
40	714	2702	1025
714	40	2702	1025
40	952	3091	325
952	40	3091	325
41	937	3010	306
937	41	3010	306
41	951	2900	449
951	41	2900	449
42	298	2869	104
298	42	2869	104
42	491	2417	180
491	42	2417	180
42	509	2702	212
509	42	2702	212
43	226	3026	377
226	43	3026	377
43	454	2558	1352
454	43	2558	1352
43	756	2917	410
756	43	2917	410
44	412	2658	730
412	44	2658	730
44	689	2814	7361
689	44	2814	7361
44	855	2712	6120
855	44	2712	6120
45	425	2897	808
425	45	2897	808
45	602	3121	884
602	45	3121	884
45	711	2985	521
711	45	2985	521
46	249	3142	101
249	46	3142	101
46	436	2522	628
436	46	2522	628
46	726	2834	1345
726	46	2834	1345
46	843	2909	1924
843	46	2909	1924
47	342	2651	137
342	47	2651	137
47	678	3179	914
678	47	3179	914
47	869	2796	3316
869	47	2796	3316
47	982	2610	445
982	47	2610	445
47	985	2930	1973
985	47	2930	1973
48	86	3060	29
86	48	3060	29
48	240	3170	405
240	48	3170	405
48	698	2626	4
698	48	2626	4
49	549	2493	405
549	49	2493	405
50	197	2549	50
197	50	2549	50
50	343	2616	197
343	50	2616	197
50	636	3113	1424
636	50	3113	1424
50	889	2536	1489
889	50	2536	1489
51	74	2977	925
74	51	2977	925
51	494	2531	1322
494	51	2531	1322
51	691	3152	1341
691	51	3152	1341
51	756	2978	5249
756	51	2978	5249
51	818	2734	3137
818	51	2734	3137
52	372	3075	629
372	52	3075	629
52	436	2444	1345
436	52	2444	1345
52	726	2577	3908
726	52	2577	3908
53	329	3089	370
329	53	3089	370
53	695	3041	873
695	53	3041	873
53	842	3170	466
842	53	3170	466
53	898	2988	104
898	53	2988	104
54	224	2928	170
224	54	2928	170
54	779	2463	1885
779	54	2463	1885
54	850	2982	244
850	54	2982	244
54	923	2632	2165
923	54	2632	2165
55	63	2749	1301
63	55	2749	1301
55	705	2424	6817
705	55	2424	6817
55	834	2505	1360
834	55	2505	1360
56	106	2661	554
106	56	2661	554
56	133	2714	676
133	56	2714	676
56	245	2545	793
245	56	2545	793
56	839	3131	4889
839	56	3131	4889
57	585	2896	970
585	57	2896	970
57	710	3121	2329
710	57	3121	2329
57	958	2633	905
958	57	2633	905
58	121	2467	5
121	58	2467	5
58	157	2794	905
157	58	2794	905
58	964	2480	2225
964	58	2480	2225
58	972	2548	1325
972	58	2548	1325
59	386	2422	648
386	59	2422	648
59	477	2946	808
477	59	2946	808
59	503	3153	949
503	59	3153	949
59	718	2788	68
718	59	2788	68
59	729	2905	145
729	59	2905	145
59	904	2956	724
904	59	2956	724
59	922	2950	1274
922	59	2950	1274
59	939	3044	909
939	59	3044	909
60	644	2506	520
644	60	2506	520
60	672	3196	153
672	60	3196	153
60	868	2647	2020
868	60	2647	2020
61	459	2811	569
459	61	2811	569
61	699	3146	712
699	61	3146	712
61	724	3098	65
724	61	3098	65
61	992	2998	970
992	61	2998	970
62	475	2935	265
475	62	2935	265
62	723	2452	442
723	62	2452	442
63	480	2661	1096
480	63	2661	1096
63	531	2830	234
531	63	2830	234
63	741	2557	65
741	63	2557	65
63	834	2850	1277
834	63	2850	1277
64	469	3060	680
469	64	3060	680
65	273	2973	401
273	65	2973	401
65	528	3139	100
528	65	3139	100
65	948	2742	409
948	65	2742	409
66	235	2610	884
235	66	2610	884
66	582	2829	1709
582	66	2829	1709
66	754	2849	4453
754	66	2849	4453
66	946	2748	3250
946	66	2748	3250
66	964	3181	3313
964	66	3181	3313
67	592	3123	685
592	67	3123	685
67	661	2570	229
661	67	2570	229
67	954	2774	1832
954	67	2774	1832
68	73	2529	306
73	68	2529	306
68	529	2441	1373
529	68	2441	1373
68	619	2815	2225
619	68	2815	2225
68	783	2899	3170
783	68	2899	3170
68	891	2811	7373
891	68	2811	7373
69	295	2711	29
295	69	2711	29
69	631	2427	170
631	69	2427	170
69	846	3049	162
846	69	3049	162
70	526	2781	100
526	70	2781	100
70	811	2406	4329
811	70	2406	4329
70	815	3121	260
815	70	3121	260
70	844	2426	3060
844	70	2426	3060
70	930	3117	4778
930	70	3117	4778
70	1000	3045	810
1000	70	3045	810
71	171	2775	1082
171	71	2775	1082
71	637	2477	1585
637	71	2477	1585
71	807	2766	3802
807	71	2766	3802
71	901	2975	3209
901	71	2975	3209
72	511	3105	106
511	72	3105	106
72	598	3171	313
598	72	3171	313
72	639	2992	377
639	72	2992	377
73	529	3191	953
529	73	3191	953
73	891	2633	8513
891	73	2633	8513
74	483	2769	533
483	74	2769	533
74	691	2576	256
691	74	2576	256
74	818	3187	692
818	74	3187	692
75	194	3009	205
194	75	3009	205
75	380	2841	468
380	75	2841	468
75	979	2469	5309
979	75	2469	5309
76	532	2802	8200
532	76	2802	8200
76	609	2755	857
609	76	2755	857
76	672	3136	3301
672	76	3136	3301
76	886	2558	3332
886	76	2558	3332
77	235	2440	377
235	77	2440	377
78	867	2520	3737
867	78	2520	3737
78	918	2449	1961
918	78	2449	1961
78	996	2425	485
996	78	2425	485
79	338	2437	397
338	79	2437	397
79	804	3115	401
804	79	3115	401
79	812	2884	3208
812	79	2884	3208
79	825	3173	293
825	79	3173	293
79	889	2758	2665
889	79	2758	2665
80	547	2798	1594
547	80	2798	1594
80	700	2468	2929
700	80	2468	2929
80	884	2995	2873
884	80	2995	2873
81	537	2982	533
537	81	2982	533
81	543	3093	232
543	81	3093	232
81	574	3112	673
574	81	3112	673
81	709	2756	522
709	81	2756	522
81	993	2970	625
993	81	2970	625
82	526	2413	794
526	82	2413	794
82	693	2873	3349
693	82	2873	3349
82	844	3077	1082
844	82	3077	1082
82	1000	2574	2624
1000	82	2574	2624
83	445	2758	370
445	83	2758	370
83	604	2710	450
604	83	2710	450
83	831	2773	340
831	83	2773	340
84	92	3176	25
92	84	3176	25
84	747	3178	769
747	84	3178	769
85	306	3092	797
306	85	3092	797
85	987	2544	3497
987	85	2544	3497
86	698	3020	13
698	86	3020	13
87	478	2853	377
478	87	2853	377
87	682	3052	401
682	87	3052	401
87	980	2981	3700
980	87	2981	3700
88	275	2722	1025
275	88	2722	1025
88	693	2687	1370
693	88	2687	1370
88	737	2647	1378
737	88	2647	1378
88	751	3155	5330
751	88	3155	5330
88	864	2523	725
864	88	2523	725
89	560	2678	73
560	89	2678	73
89	989	2999	7757
989	89	2999	7757
90	291	2489	225
291	90	2489	225
90	753	2871	61
753	90	2871	61
90	998	3144	113
998	90	3144	113
91	360	2508	292
360	91	2508	292
91	376	2559	500
376	91	2559	500
91	453	2699	442
453	91	2699	442
91	968	3077	386
968	91	3077	386
92	687	2589	340
687	92	2589	340
92	747	2717	922
747	92	2717	922
93	592	2976	244
592	93	2976	244
93	646	2902	10
646	93	2902	10
93	790	3133	293
790	93	3133	293
93	796	3009	565
796	93	3009	565
94	306	2704	116
306	94	2704	116
94	452	2519	178
452	94	2519	178
95	172	2640	314
172	95	2640	314
95	672	2654	685
672	95	2654	685
96	375	2949	445
375	96	2949	445
96	688	2695	680
688	96	2695	680
96	899	2422	802
899	96	2422	802
96	911	2771	1042
911	96	2771	1042
97	395	2852	333
395	97	2852	333
97	613	3087	1165
613	97	3087	1165
97	781	2642	1076
781	97	2642	1076
97	906	2419	2269
906	97	2419	2269
98	238	2436	725
238	98	2436	725
98	456	2573	833
456	98	2573	833
98	611	3157	265
611	98	3157	265
99	596	3032	925
596	99	3032	925
99	642	2538	146
642	99	2538	146
99	837	3157	36
837	99	3157	36
99	928	2557	200
928	99	2557	200
100	382	3119	137
382	100	3119	137
100	638	3087	932
638	100	3087	932
100	782	3136	818
782	100	3136	818
100	890	2753	2920
890	100	2753	2920
101	461	3108	730
461	101	3108	730
101	514	2860	90
514	101	2860	90
102	508	3187	130
508	102	3187	130
102	701	2915	850
701	102	2915	850
102	720	3008	2890
720	102	3008	2890
103	517	2728	153
517	103	2728	153
103	969	3068	8345
969	103	3068	8345
103	980	2904	6466
980	103	2904	6466
104	118	3158	234
118	104	3158	234
104	803	2741	7072
803	104	2741	7072
104	917	2996	2045
917	104	2996	2045
104	941	2410	797
941	104	2410	797
105	726	2749	2026
726	105	2749	2026
105	746	3036	853
746	105	3036	853
105	903	2575	20
903	105	2575	20
105	936	3129	2600
936	105	3129	2600
107	408	3187	328
408	107	3187	328
107	471	2951	157
471	107	2951	157
107	812	2557	458
812	107	2557	458
108	253	2598	794
253	108	2598	794
108	491	2971	1157
491	108	2971	1157
108	839	2705	1114
839	108	2705	1114
109	161	3112	181
161	109	3112	181
109	353	3021	697
353	109	3021	697
109	709	3163	981
709	109	3163	981
109	802	2829	557
802	109	2829	557
109	993	3071	226
993	109	3071	226
110	232	2894	490
232	110	2894	490
110	711	2929	5525
711	110	2929	5525
110	768	2522	1300
768	110	2522	1300
111	469	2626	1053
469	111	2626	1053
111	749	2790	6058
749	111	2790	6058
111	844	2619	4553
844	111	2619	4553
111	866	2503	701
866	111	2503	701
111	877	2760	2560
877	111	2760	2560
111	967	2669	4793
967	111	2669	4793
112	630	2664	26
630	112	2664	26
112	648	3138	500
648	112	3138	500
112	878	3083	1277
878	112	3083	1277
112	953	2914	3482
953	112	2914	3482
113	688	2967	1601
688	113	2967	1601
113	753	2615	2833
753	113	2615	2833
113	911	2545	5297
911	113	2545	5297
113	925	2443	6098
925	113	2443	6098
113	998	3061	3341
998	113	3061	3341
114	391	2742	928
391	114	2742	928
114	603	3107	185
603	114	3107	185
114	626	2885	964
626	114	2885	964
114	902	2906	569
902	114	2906	569
115	334	3142	445
334	115	3142	445
115	570	2436	1170
570	115	2436	1170
115	722	2589	785
722	115	2589	785
115	793	3009	200
793	115	3009	200
116	505	2627	333
505	116	2627	333
116	762	2913	1192
762	116	2913	1192
116	860	3052	1181
860	116	3052	1181
116	879	2930	1469
879	116	2930	1469
117	716	2914	85
716	117	2914	85
117	752	3012	1825
752	117	3012	1825
118	127	2724	565
127	118	2724	565
118	803	2462	6922
803	118	2462	6922
118	941	3068	857
941	118	3068	857
119	176	3141	52
176	119	3141	52
119	893	3175	3016
893	119	3175	3016
119	910	2942	1961
910	119	2942	1961
119	980	3042	1780
980	119	3042	1780
120	521	2408	1322
521	120	2408	1322
120	525	2608	400
525	120	2608	400
120	657	2595	3313
657	120	2595	3313
120	788	3091	1928
788	120	3091	1928
120	826	3191	340
826	120	3191	340
121	771	2465	925
771	121	2465	925
121	964	2557	2340
964	121	2557	2340
121	972	3036	1210
972	121	3036	1210
122	740	3196	1000
740	122	3196	1000
122	836	2940	101
836	122	2940	101
122	947	3068	1853
947	122	3068	1853
122	953	2546	5
953	122	2546	5
123	512	3056	200
512	123	3056	200
123	591	2735	520
591	123	2735	520
123	821	2515	706
821	123	2515	706
123	948	2427	530
948	123	2427	530
123	978	2774	650
978	123	2774	650
124	130	2859	100
130	124	2859	100
124	552	2780	180
552	124	2780	180
124	792	2476	1300
792	124	2476	1300
124	817	3059	3700
817	124	3059	3700
125	499	2643	328
499	125	2643	328
125	819	3191	1258
819	125	3191	1258
125	846	3090	821
846	125	3090	821
125	925	2449	4852
925	125	2449	4852
126	189	2933	530
189	126	2933	530
126	583	2532	1156
583	126	2532	1156
126	780	2993	325
780	126	2993	325
126	823	3084	916
823	126	3084	916
127	261	3045	866
261	127	3045	866
127	803	2603	6865
803	127	2603	6865
127	941	2667	2120
941	127	2667	2120
127	991	2417	5669
991	127	2417	5669
128	529	2463	90
529	128	2463	90
129	642	3187	578
642	129	3187	578
129	827	2648	4181
827	129	2648	4181
129	837	2914	468
837	129	2914	468
129	900	2637	7048
900	129	2637	7048
130	151	2721	565
151	130	2721	565
130	552	3085	232
552	130	3085	232
130	792	2654	800
792	130	2654	800
131	411	3077	500
411	131	3077	500
131	881	2525	1802
881	131	2525	1802
131	908	2502	1268
908	131	2502	1268
132	465	2863	485
465	132	2863	485
132	933	3101	1252
933	132	3101	1252
132	994	2477	1972
994	132	2477	1972
133	839	2982	5945
839	133	2982	5945
133	882	2495	2725
882	133	2495	2725
133	954	2626	2081
954	133	2626	2081
134	937	2807	185
937	134	2807	185
134	951	2900	1530
951	134	2900	1530
135	498	3109	697
498	135	3109	697
135	595	2958	148
595	135	2958	148
135	787	3076	2754
787	135	3076	2754
135	834	2826	576
834	135	2826	576
135	977	2923	2330
977	135	2923	2330
136	925	2583	746
925	136	2583	746
136	971	2632	1453
971	136	2632	1453
137	710	2539	1908
710	137	2539	1908
137	838	2532	233
838	137	2532	233
137	887	2508	4916
887	137	2508	4916
137	958	2401	4948
958	137	2401	4948
138	468	2740	392
468	138	2740	392
138	597	2749	1354
597	138	2749	1354
138	783	2540	7933
783	138	2540	7933
138	845	2698	820
845	138	2698	820
138	984	3045	776
984	138	3045	776
139	262	2648	578
262	139	2648	578
139	647	3080	409
647	139	3080	409
139	706	2528	3281
706	139	2528	3281
140	372	2620	500
372	140	2620	500
141	916	3099	541
916	141	3099	541
142	339	2601	58
339	142	2601	58
142	397	3059	445
397	142	3059	445
142	616	3041	1090
616	142	3041	1090
142	703	3040	221
703	142	3040	221
143	195	2981	121
195	143	2981	121
143	225	3131	178
225	143	3131	178
143	578	2958	320
578	143	2958	320
143	701	2597	1108
701	143	2597	1108
143	937	2483	1681
937	143	2483	1681
144	300	3087	410
300	144	3087	410
144	987	2522	5389
987	144	2522	5389
145	515	2695	1125
515	145	2695	1125
145	744	2938	1898
744	145	2938	1898
145	852	3192	260
852	145	3192	260
145	932	3168	820
932	145	3168	820
146	842	2453	932
842	146	2453	932
146	917	2913	666
917	146	2913	666
146	962	2528	1354
962	146	2528	1354
146	975	3122	922
975	146	3122	922
147	699	2437	1465
699	147	2437	1465
147	765	2648	305
765	147	2648	305
148	650	3014	680
650	148	3014	680
148	685	3001	842
685	148	3001	842
149	843	3040	1810
843	149	3040	1810
149	863	2920	730
863	149	2920	730
150	418	2865	865
418	150	2865	865
150	853	2692	281
853	150	2692	281
150	989	2864	386
989	150	2864	386
151	552	2825	689
552	151	2825	689
151	792	2524	1213
792	151	2524	1213
152	492	3073	74
492	152	3073	74
152	905	3186	325
905	152	3186	325
152	959	2639	20
959	152	2639	20
153	318	2576	493
318	153	2576	493
153	677	2567	641
677	153	2567	641
153	769	2579	493
769	153	2579	493
153	883	3146	842
883	153	3146	842
154	350	3090	106
350	154	3090	106
154	545	2883	202
545	154	2883	202
154	643	2955	1040
643	154	2955	1040
154	755	2800	1989
755	154	2800	1989
154	773	3092	1513
773	154	3092	1513
155	608	2740	197
608	155	2740	197
155	913	3126	964
913	155	3126	964
155	957	2498	1802
957	155	2498	1802
155	968	2423	2258
968	155	2423	2258
156	385	2735	485
385	156	2735	485
156	633	2731	73
633	156	2731	73
156	797	2534	72
797	156	2534	72
156	944	3060	592
944	156	3060	592
157	952	2535	6770
952	157	2535	6770
157	972	3026	3970
972	157	3026	3970
158	496	3124	185
496	158	3124	185
158	803	2591	260
803	158	2591	260
159	288	3164	221
288	159	3164	221
159	573	2602	162
573	159	2602	162
159	656	2660	1508
656	159	2660	1508
159	979	2496	2665
979	159	2496	2665
160	802	2775	146
802	160	2775	146
161	993	2507	157
993	161	2507	157
162	611	2673	269
611	162	2673	269
162	802	3128	650
802	162	3128	650
163	833	2653	685
833	163	2653	685
163	862	2847	853
862	163	2847	853
163	876	2489	1394
876	163	2489	1394
163	913	2453	586
913	163	2453	586
163	957	3058	1800
957	163	3058	1800
164	651	2943	740
651	164	2943	740
164	694	2942	522
694	164	2942	522
164	840	2441	208
840	164	2441	208
165	333	2456	261
333	165	2456	261
165	613	3118	1377
613	165	3118	1377
165	849	2920	629
849	165	2920	629
165	906	2571	185
906	165	2571	185
165	942	2928	53
942	165	2928	53
166	351	2586	410
351	166	2586	410
166	721	2528	405
721	166	2528	405
166	777	2723	164
777	166	2723	164
167	450	2523	533
450	167	2523	533
167	524	2725	625
524	167	2725	625
167	715	3033	522
715	167	3033	522
167	870	2945	305
870	167	2945	305
167	937	2944	1557
937	167	2944	1557
168	177	3001	65
177	168	3001	65
168	362	2971	410
362	168	2971	410
168	805	3158	113
805	168	3158	113
168	841	2918	401
841	168	2918	401
169	453	2821	1097
453	169	2821	1097
169	589	2989	250
589	169	2989	250
169	608	3078	1796
608	169	3078	1796
169	856	2455	61
856	169	2455	61
170	612	2998	1125
612	170	2998	1125
170	614	2802	1125
614	170	2802	1125
170	663	3033	401
663	170	3033	401
170	747	2742	4580
747	170	2742	4580
170	776	2486	3541
776	170	2486	3541
171	193	2828	730
193	171	2828	730
171	467	2744	820
467	171	2744	820
171	778	2870	1885
778	171	2870	1885
171	900	2473	3389
900	171	2473	3389
171	901	2692	4217
901	171	2692	4217
171	974	2749	1625
974	171	2749	1625
172	672	2956	1157
672	172	2956	1157
173	458	3109	1105
458	173	3109	1105
173	545	2761	1145
545	173	2761	1145
173	556	3146	288
556	173	3146	288
173	643	2834	405
643	173	2834	405
173	818	2533	397
818	173	2533	397
174	850	2495	218
850	174	2495	218
174	880	2726	373
880	174	2726	373
174	923	2702	4145
923	174	2702	4145
175	484	2678	178
484	175	2678	178
175	628	2573	442
628	175	2573	442
175	866	2774	3285
866	175	2774	3285
175	887	2891	1989
887	175	2891	1989
176	910	2739	2305
910	176	2739	2305
176	980	2998	1544
980	176	2998	1544
177	712	2615	626
712	177	2615	626
177	748	2726	377
748	177	2726	377
177	805	3159	82
805	177	3159	82
177	955	2516	421
955	177	2516	421
178	202	3170	162
202	178	3170	162
178	814	2867	101
814	178	2867	101
178	823	2634	548
823	178	2634	548
179	821	2766	37
821	179	2766	37
179	875	2410	1381
875	179	2410	1381
179	938	3097	305
938	179	3097	305
179	948	2983	1069
948	179	2983	1069
179	986	2504	1017
986	179	2504	1017
180	674	2978	340
674	180	2978	340
180	819	3133	1385
819	180	3133	1385
180	925	2782	4525
925	180	2782	4525
180	927	2891	450
927	180	2891	450
180	971	3050	2084
971	180	3050	2084
181	282	2432	530
282	181	2432	530
181	337	2628	221
337	181	2628	221
181	638	2818	562
638	181	2818	562
181	932	2713	626
932	181	2713	626
182	280	2580	80
280	182	2580	80
182	716	2900	2362
716	182	2900	2362
183	533	2838	481
533	183	2838	481
183	564	2537	964
564	183	2537	964
183	738	2617	370
738	183	2617	370
183	739	2508	178
739	183	2508	178
184	486	3092	754
486	184	3092	754
184	659	2614	149
659	184	2614	149
185	393	2894	80
393	185	2894	80
186	602	2692	733
602	186	2692	733
186	807	2588	3364
807	186	2588	3364
186	931	2739	260
931	186	2739	260
187	462	3027	109
462	187	3027	109
187	812	2753	757
812	187	2753	757
187	825	2819	1224
825	187	2819	1224
187	830	2406	1172
830	187	2406	1172
188	216	3123	1145
216	188	3123	1145
188	629	2985	2089
629	188	2985	2089
188	689	3092	5041
689	188	3092	5041
188	745	2902	7204
745	188	2902	7204
188	759	2652	3625
759	188	2652	3625
188	827	2494	1597
827	188	2494	1597
188	858	2543	1864
858	188	2543	1864
189	823	2959	818
823	189	2959	818
189	869	2949	4040
869	189	2949	4040
189	985	3162	1021
985	189	3162	1021
190	333	2613	145
333	190	2613	145
190	734	3059	145
734	190	3059	145
190	754	2912	512
754	190	2912	512
190	849	2649	193
849	190	2649	193
190	944	2557	373
944	190	2557	373
191	451	2646	533
451	191	2646	533
191	522	2666	180
522	191	2666	180
191	696	2896	425
696	191	2896	425
191	861	2572	193
861	191	2572	193
192	667	2939	1354
667	192	2939	1354
192	787	3188	244
787	192	3188	244
192	931	2608	776
931	192	2608	776
193	778	3101	521
778	193	3101	521
193	901	2805	1513
901	193	2805	1513
194	785	3045	1922
785	194	3045	1922
194	958	2589	3877
958	194	2589	3877
194	979	2901	4330
979	194	2901	4330
195	659	2779	1233
659	195	2779	1233
195	937	2636	2682
937	195	2636	2682
196	553	2813	657
553	196	2813	657
196	687	2856	802
687	196	2856	802
196	976	3097	961
976	196	3097	961
197	343	2707	233
343	197	2707	233
197	804	2497	2053
804	197	2497	2053
197	889	2883	1117
889	197	2883	1117
198	246	2828	370
246	198	2828	370
198	695	2713	533
695	198	2713	533
198	975	2849	1352
975	198	2849	1352
199	438	2944	360
438	199	2944	360
199	570	2765	197
570	199	2765	197
199	949	2600	200
949	199	2600	200
200	607	2975	117
607	200	2975	117
200	798	2702	160
798	200	2702	160
200	873	3162	202
873	200	3162	202
201	648	3197	562
648	201	3197	562
201	947	3021	3848
947	201	3021	3848
201	953	2824	5128
953	201	2824	5128
202	814	2992	425
814	202	2992	425
202	823	3165	1250
823	202	3165	1250
202	869	2605	596
869	202	2605	596
202	962	2490	1877
962	202	2490	1877
203	532	2989	1160
532	203	2989	1160
203	535	2910	466
535	203	2910	466
203	681	3044	1233
681	203	3044	1233
203	719	2488	1109
719	203	2488	1109
204	482	3165	802
482	204	3165	802
204	824	3010	1682
824	204	3010	1682
204	970	3030	1049
970	204	3030	1049
204	981	2872	4842
981	204	2872	4842
205	237	2662	685
237	205	2662	685
205	484	2741	914
484	205	2741	914
205	628	2627	1354
628	205	2627	1354
205	817	2957	1109
817	205	2957	1109
205	887	3029	3293
887	205	3029	3293
206	369	3082	509
369	206	3082	509
206	606	2891	1156
606	206	2891	1156
206	750	3018	1000
750	206	3018	1000
206	817	2784	3485
817	206	2784	3485
206	983	2963	2293
983	206	2963	2293
207	621	3153	1625
621	207	3153	1625
207	822	2682	1345
822	207	2682	1345
207	893	2750	65
893	207	2750	65
207	957	2740	610
957	207	2740	610
208	540	2463	130
540	208	2463	130
208	577	2581	689
577	208	2581	689
208	621	2824	146
621	208	2824	146
209	371	2862	629
371	209	2862	629
209	444	2467	265
444	209	2467	265
209	613	2636	1289
613	209	2636	1289
209	671	2473	904
671	209	2473	904
209	771	2924	1205
771	209	2924	1205
209	961	2984	493
961	209	2984	493
210	287	2754	20
287	210	2754	20
210	564	2419	689
564	210	2419	689
210	797	2654	533
797	210	2654	533
210	943	2761	1009
943	210	2761	1009
210	946	2514	449
946	210	2514	449
211	890	2983	629
890	211	2983	629
211	914	2831	7625
914	211	2831	7625
212	625	3092	410
625	212	3092	410
212	703	2410	1745
703	212	2410	1745
212	757	2987	4957
757	212	2987	4957
213	380	2905	1261
380	213	2905	1261
213	950	2756	2504
950	213	2756	2504
213	979	2429	1394
979	213	2429	1394
213	983	2660	3341
983	213	2660	3341
214	417	2882	26
417	214	2882	26
214	660	2763	394
660	214	2763	394
214	920	2948	221
920	214	2948	221
215	571	2439	221
571	215	2439	221
215	869	3061	765
869	215	3061	765
215	962	2987	1924
962	215	2987	1924
216	569	2907	85
569	216	2907	85
216	629	2743	1732
629	216	2743	1732
216	858	2797	541
858	216	2797	541
216	894	2739	1090
894	216	2739	1090
217	517	2647	514
517	217	2647	514
217	910	2982	260
910	217	2982	260
218	369	3061	730
369	218	3061	730
218	557	2588	1354
557	218	2588	1354
218	606	3188	533
606	218	3188	533
218	817	2488	1666
817	218	2488	1666
218	979	2768	2425
979	218	2768	2425
218	983	2667	2216
983	218	2667	2216
219	376	2907	261
376	219	2907	261
219	560	2434	1332
560	219	2434	1332
219	910	2463	577
910	219	2463	577
220	265	2776	745
265	220	2776	745
220	546	2619	778
546	220	2619	778
220	792	2626	3380
792	220	2626	3380
220	839	2926	4033
839	220	2926	4033
220	954	2729	1889
954	220	2729	1889
221	539	3197	314
539	221	3197	314
221	973	2631	221
973	221	2631	221
222	474	2669	193
474	222	2669	193
222	547	2636	725
547	222	2636	725
222	554	2752	580
554	222	2752	580
222	882	2725	2041
882	222	2725	2041
222	884	2718	904
884	222	2718	904
222	1000	3184	8522
1000	222	3184	8522
223	281	3103	116
281	223	3103	116
223	964	2936	1205
964	223	2936	1205
224	779	2638	1709
779	224	2638	1709
224	850	2405	362
850	224	2405	362
224	880	2944	725
880	224	2944	725
225	578	2847	34
578	225	2847	34
225	937	2577	873
937	225	2577	873
226	536	2594	745
536	226	2594	745
226	644	2672	2450
644	226	2672	2450
226	756	2849	901
756	226	2849	901
227	363	2518	873
363	227	2518	873
227	690	3056	794
690	227	3056	794
227	873	3047	1352
873	227	3047	1352
227	879	3107	2080
879	227	3107	2080
228	265	3093	80
265	228	3093	80
228	440	2762	25
440	228	2762	25
228	546	2664	41
546	228	2664	41
228	661	2518	1225
661	228	2518	1225
229	580	3160	269
580	229	3160	269
229	755	2981	205
755	229	2981	205
229	966	2813	1604
966	229	2813	1604
230	806	2736	2106
806	230	2736	2106
230	831	2486	986
831	230	2486	986
231	430	2768	562
430	231	2768	562
231	806	3095	421
806	231	3095	421
231	898	2744	2056
898	231	2744	2056
231	905	3145	137
905	231	3145	137
232	534	2979	949
534	232	2979	949
232	768	2783	250
768	232	2783	250
233	867	2636	1105
867	233	2636	1105
233	918	2777	317
918	233	2777	317
233	996	2900	997
996	233	2900	997
234	790	2484	482
790	234	2484	482
234	866	2896	2525
866	234	2896	2525
234	877	2902	34
877	234	2902	34
235	371	2739	580
371	235	2739	580
235	961	2692	3188
961	235	2692	3188
235	964	2642	1565
964	235	2642	1565
236	405	3059	250
405	236	3059	250
236	550	2491	612
550	236	2491	612
236	984	2601	2501
984	236	2601	2501
237	490	3114	277
490	237	3114	277
237	557	3135	320
557	237	3135	320
237	656	2421	2522
656	237	2421	2522
237	817	2958	1636
817	237	2958	1636
237	887	3080	4244
887	237	3080	4244
238	468	3075	1154
468	238	3075	1154
238	984	2853	4810
984	238	2853	4810
239	277	2715	484
277	239	2715	484
239	651	2827	1090
651	239	2827	1090
239	794	3138	169
794	239	3138	169
239	840	2944	1450
840	239	2944	1450
239	969	2883	2522
969	239	2883	2522
240	679	2629	1877
679	240	2629	1877
240	713	2679	3005
713	240	2679	3005
240	919	2509	932
919	240	2509	932
241	401	2537	128
401	241	2537	128
241	799	2752	1042
799	241	2752	1042
241	922	3022	3506
922	241	3022	3506
241	975	2572	1282
975	241	2572	1282
242	731	2753	2237
731	242	2753	2237
242	750	2876	949
750	242	2876	949
242	892	2818	1268
892	242	2818	1268
243	358	3131	324
358	243	3131	324
243	498	2670	200
498	243	2670	200
243	834	2412	1565
834	243	2412	1565
243	916	2637	365
916	243	2637	365
244	715	2593	2025
715	244	2593	2025
244	756	2626	533
756	244	2626	533
244	855	2780	2525
855	244	2780	2525
244	951	3198	2153
951	244	3198	2153
245	884	2971	4901
884	245	2971	4901
246	695	2557	1777
695	246	2557	1777
246	898	2740	2842
898	246	2740	2842
246	916	2789	3330
916	246	2789	3330
246	922	2907	5746
922	246	2907	5746
246	975	2638	3074
975	246	2638	3074
247	592	3028	932
592	247	3028	932
247	646	3060	698
646	247	3060	698
247	661	2598	340
661	247	2598	340
247	790	3125	793
790	247	3125	793
247	866	2592	5328
866	247	2592	5328
248	434	3168	1370
434	248	3168	1370
248	891	2709	949
891	248	2709	949
249	726	3194	818
726	249	3194	818
249	843	2695	2305
843	249	2695	2305
250	612	2646	160
612	250	2646	160
250	636	2931	3277
636	250	2931	3277
250	776	2931	306
776	250	2931	306
250	878	2755	2225
878	250	2755	2225
251	527	2565	680
527	251	2565	680
251	710	3076	2105
710	251	3076	2105
251	798	2667	1813
798	251	2667	1813
251	838	2606	648
838	251	2606	648
252	686	2977	585
686	252	2977	585
252	880	2774	1226
880	252	2774	1226
252	945	3014	1313
945	252	3014	1313
253	774	3053	4688
774	253	3053	4688
253	839	2999	1300
839	253	2999	1300
254	573	2648	936
573	254	2648	936
254	958	2997	100
958	254	2997	100
255	392	2591	41
392	255	2591	41
255	981	3123	5237
981	255	3123	5237
255	996	3048	226
996	255	3048	226
256	543	2837	1341
543	256	2837	1341
256	576	2964	481
576	256	2964	481
256	709	2531	901
709	256	2531	901
256	775	2412	584
775	256	2412	584
257	437	3182	50
437	257	3182	50
257	674	3048	954
674	257	3048	954
257	730	2972	2281
730	257	2972	2281
257	819	2531	1109
819	257	2531	1109
258	327	2535	234
327	258	2535	234
258	435	2521	740
435	258	2521	740
258	726	3195	4205
726	258	3195	4205
258	833	2793	1297
833	258	2793	1297
258	854	3081	1597
854	258	3081	1597
259	479	2802	109
479	259	2802	109
259	858	2704	2932
858	259	2704	2932
260	437	2686	449
437	260	2686	449
260	730	2664	3218
730	260	2664	3218
260	923	2728	4165
923	260	2728	4165
260	927	2813	493
927	260	2813	493
261	568	2627	1469
568	261	2627	1469
261	803	3107	3965
803	261	3107	3965
262	647	2860	845
647	262	2860	845
262	697	2966	2098
697	262	2966	2098
262	706	3199	1553
706	262	3199	1553
262	920	3044	2081
920	262	3044	2081
263	306	3065	173
306	263	3065	173
263	987	2720	6425
987	263	2720	6425
264	917	2458	1514
917	264	2458	1514
265	546	3028	9
546	265	3028	9
265	661	2478	1585
661	265	2478	1585
265	792	2538	2425
792	265	2538	2425
266	660	2612	1370
660	266	2612	1370
266	697	3112	1010
697	266	3112	1010
266	911	2500	6725
911	266	2500	6725
267	680	2587	2393
680	267	2587	2393
267	719	2512	2873
719	267	2512	2873
267	773	3057	6322
773	267	3057	6322
267	988	2714	8002
988	267	2714	8002
268	326	3109	820
326	268	3109	820
268	372	2460	314
372	268	2460	314
268	825	2960	1637
825	268	2960	1637
268	833	3196	4517
833	268	3196	4517
268	876	3138	6154
876	268	3138	6154
269	838	2588	2522
838	269	2588	2522
269	866	2457	4421
866	269	2457	4421
269	887	3089	1625
887	269	3089	1625
269	967	2746	2813
967	269	2746	2813
270	591	2900	650
591	270	2900	650
270	716	2692	557
716	270	2692	557
270	781	2524	80
781	270	2524	80
271	370	3178	260
370	271	3178	260
271	641	3038	221
641	271	3038	221
271	989	2830	1697
989	271	2830	1697
272	323	2549	578
323	272	2549	578
272	651	2870	1665
651	272	2870	1665
272	682	2652	2197
682	272	2652	2197
272	800	2463	17
800	272	2463	17
272	969	2967	1421
969	272	2967	1421
273	616	2910	1690
616	273	2910	1690
273	875	2855	488
875	273	2855	488
273	948	2520	890
948	273	2520	890
274	403	3121	122
403	274	3121	122
274	828	3123	333
828	274	3123	333
274	857	2428	2601
857	274	2428	2601
274	865	2428	4105
865	274	2428	4105
275	653	3136	1378
653	275	3136	1378
275	751	3159	1845
751	275	3159	1845
276	293	2855	425
293	276	2855	425
276	483	2908	653
483	276	2908	653
276	691	2673	586
691	276	2673	586
276	736	2544	592
736	276	2544	592
277	385	3068	410
385	277	3068	410
277	734	2591	533
734	277	2591	533
277	794	2673	653
794	277	2673	653
277	969	2894	1202
969	277	2894	1202
278	292	2763	160
292	278	2763	160
278	523	2609	144
523	278	2609	144
278	770	3175	82
770	278	3175	82
278	993	3038	2708
993	278	3038	2708
279	510	3177	261
510	279	3177	261
279	744	2552	580
744	279	2552	580
279	881	2666	3482
881	279	2666	3482
280	528	3051	7970
528	280	3051	7970
280	716	2594	2834
716	280	2594	2834
280	972	2764	7445
972	280	2764	7445
281	373	2458	50
373	281	2458	50
281	686	3150	2770
686	281	3150	2770
281	880	2655	8641
880	281	2655	8641
281	952	2748	765
952	281	2748	765
281	964	3152	2057
964	281	3152	2057
282	638	3050	128
638	282	3050	128
282	801	2743	3536
801	282	2743	3536
282	852	2648	3368
852	282	2648	3368
282	890	3072	1076
890	282	3072	1076
282	921	2933	733
921	282	2933	733
282	932	2534	1768
932	282	2534	1768
283	498	2408	533
498	283	2408	533
283	595	2534	200
595	283	2534	200
283	743	2823	130
743	283	2823	130
283	787	2765	754
787	283	2765	754
284	340	3154	533
340	284	3154	533
284	989	3046	4930
989	284	3046	4930
284	998	3127	2825
998	284	3127	2825
285	452	2714	388
452	285	2714	388
285	479	2994	500
479	285	2994	500
285	894	2884	1280
894	285	2884	1280
286	425	3132	130
425	286	3132	130
286	667	2859	41
667	286	2859	41
286	931	2999	997
931	286	2999	997
287	633	2949	584
633	287	2949	584
287	797	2623	377
797	287	2623	377
287	946	3192	601
946	287	3192	601
288	656	2751	613
656	288	2751	613
288	979	2755	2210
979	288	2755	2210
289	561	2594	109
561	289	2594	109
289	731	2457	257
731	289	2457	257
289	892	2818	320
892	289	2818	320
290	589	2846	164
589	290	2846	164
290	605	3041	1193
605	290	3041	1193
290	853	2402	125
853	290	2402	125
290	989	3152	538
989	290	3152	538
291	669	3091	1098
669	291	3091	1098
291	753	2597	466
753	291	2597	466
291	989	3103	5213
989	291	3103	5213
291	998	2761	578
998	291	2761	578
292	415	2760	333
415	292	2760	333
292	523	2797	400
523	292	2797	400
292	993	3047	2404
993	292	3047	2404
293	446	2447	761
446	293	2447	761
293	668	3034	109
668	293	3034	109
293	691	2530	1885
691	293	2530	1885
293	736	2841	785
736	293	2841	785
293	756	3187	4625
756	293	3187	4625
294	513	2632	325
513	294	2632	325
294	594	3079	521
594	294	3079	521
294	846	3031	1378
846	294	3031	1378
294	897	2708	386
897	294	2708	386
294	909	2436	545
909	294	2436	545
294	990	2898	1009
990	294	2898	1009
295	499	2896	356
499	295	2896	356
295	631	2866	117
631	295	2866	117
296	629	2578	386
629	296	2578	386
296	759	2517	6148
759	296	2517	6148
296	795	2699	2785
795	296	2699	2785
296	958	3174	6953
958	296	3174	6953
297	474	3068	962
474	297	3068	962
297	811	2747	2260
811	297	2747	2260
297	1000	2664	2581
1000	297	2664	2581
298	491	2672	500
491	298	2672	500
298	509	2648	612
509	298	2648	612
298	593	2954	761
593	298	2954	761
298	649	2766	2089
649	298	2766	2089
299	322	3104	296
322	299	3104	296
299	689	2927	400
689	299	2927	400
299	755	2586	5906
755	299	2586	5906
299	764	2990	1082
764	299	2990	1082
299	966	2784	3769
966	299	2784	3769
300	587	2890	338
587	300	2890	338
300	785	3119	41
785	300	3119	41
300	987	2554	5597
987	300	2554	5597
301	396	2919	306
396	301	2919	306
301	792	2848	1040
792	301	2848	1040
302	582	2407	1193
582	302	2407	1193
302	666	2556	257
666	302	2556	257
302	779	2976	1993
779	302	2976	1993
302	880	2903	5305
880	302	2903	5305
303	964	2600	400
964	303	2600	400
304	560	2528	81
560	304	2528	81
304	579	2848	1186
579	304	2848	1186
304	910	3011	1666
910	304	3011	1666
305	358	2811	74
358	305	2811	74
305	480	2566	232
480	305	2566	232
305	492	2820	289
492	305	2820	289
306	452	2503	578
452	306	2503	578
306	987	2512	6788
987	306	2512	6788
307	413	3124	170
413	307	3124	170
307	785	3081	2378
785	307	3081	2378
307	958	2955	1613
958	307	2955	1613
308	732	2824	370
732	308	2824	370
308	744	2926	610
744	308	2926	610
308	915	2582	689
915	308	2582	689
309	699	2675	2137
699	309	2675	2137
309	742	2875	292
742	309	2875	292
309	994	3091	1602
994	309	3091	1602
310	431	3007	1
431	310	3007	1
310	803	2680	2450
803	310	2680	2450
310	962	2422	2161
962	310	2422	2161
311	479	2734	629
479	311	2734	629
311	569	2417	778
569	311	2417	778
311	858	2839	820
858	311	2839	820
311	894	3079	73
894	311	3079	73
312	831	2922	4793
831	312	2922	4793
312	935	2769	810
935	312	2769	810
313	605	2464	592
605	313	2464	592
313	608	2556	677
608	313	2556	677
313	670	2661	405
670	313	2661	405
313	854	3064	637
854	313	3064	637
313	913	2407	554
913	313	2407	554
314	430	3062	65
430	314	3062	65
314	492	2987	493
492	314	2987	493
314	905	3107	82
905	314	3107	82
315	451	2966	730
451	315	2966	730
315	468	2667	985
468	315	2667	985
315	696	2836	980
696	315	2836	980
315	783	2450	8730
783	315	2450	8730
316	317	2640	541
317	316	2640	541
316	529	2776	1258
529	316	2776	1258
316	783	2770	1873
783	316	2770	1873
316	914	2705	2309
914	316	2705	2309
317	529	2441	293
529	317	2441	293
317	914	2913	1076
914	317	2913	1076
318	677	2630	58
677	318	2630	58
318	684	2579	410
684	318	2579	410
318	767	2411	853
767	318	2411	853
318	769	3165	1700
769	318	3165	1700
318	859	2800	2617
859	318	2800	2617
318	956	2637	2725
956	318	2637	2725
319	665	3044	1325
665	319	3044	1325
319	731	3089	1850
731	319	3089	1850
319	847	3141	1493
847	319	3141	1493
319	892	2734	697
892	319	2734	697
320	567	3063	1170
567	320	3063	1170
320	862	3032	320
862	320	3032	320
320	957	2890	689
957	320	2890	689
321	368	2719	85
368	321	2719	85
321	956	3045	765
956	321	3045	765
322	689	3052	488
689	322	3052	488
322	745	2779	685
745	322	2779	685
322	764	2971	450
764	322	2971	450
323	489	3166	890
489	323	3166	890
323	520	3014	290
520	323	3014	290
323	651	3068	1061
651	323	3068	1061
323	682	2548	617
682	323	2548	617
323	800	2932	425
800	323	2932	425
324	380	3035	400
380	324	3035	400
324	785	2750	1721
785	324	2750	1721
325	676	2718	1696
676	325	2718	1696
325	933	3181	400
933	325	3181	400
326	825	3050	3445
825	326	3050	3445
326	830	2413	833
830	326	2413	833
326	876	2455	3330
876	326	2455	3330
326	926	3027	962
926	326	3027	962
327	435	3078	362
435	327	3078	362
327	670	2437	2385
670	327	2437	2385
327	936	2470	881
936	327	2470	881
328	463	2417	1090
463	328	2417	1090
328	873	2959	6173
873	328	2959	6173
328	881	2987	4498
881	328	2987	4498
328	934	2749	3125
934	328	2749	3125
329	806	2989	4105
806	329	2989	4105
329	823	3145	4957
823	329	3145	4957
329	831	3091	4385
831	329	3091	4385
329	898	2986	106
898	329	2986	106
329	962	2688	2986
962	329	2688	2986
330	356	2907	445
356	330	2907	445
330	518	2872	232
518	330	2872	232
330	747	2866	260
747	330	2866	260
330	976	2429	7825
976	330	2429	7825
331	472	3146	234
472	331	3146	234
331	555	3009	530
555	331	3009	530
331	627	2790	130
627	331	2790	130
331	702	2677	261
702	331	2677	261
331	855	2978	457
855	331	2978	457
331	951	3104	433
951	331	3104	433
332	344	2813	505
344	332	2813	505
332	528	2616	1105
528	332	2616	1105
332	625	2861	1300
625	332	2861	1300
333	734	2624	242
734	333	2624	242
333	794	2761	724
794	333	2761	724
333	849	2992	530
849	333	2992	530
333	906	2652	482
906	333	2652	482
333	942	2906	128
942	333	2906	128
334	570	2916	181
570	334	2916	181
334	722	2888	244
722	334	2888	244
335	365	2559	202
365	335	2559	202
335	675	2684	5480
675	335	2684	5480
335	863	2634	3789
863	335	2634	3789
335	878	2727	3825
878	335	2727	3825
335	970	2569	7957
970	335	2569	7957
336	508	2423	674
508	336	2423	674
336	659	2671	986
659	336	2671	986
336	701	2958	1186
701	336	2958	1186
337	515	2722	1098
515	337	2722	1098
337	638	2739	605
638	337	2739	605
337	915	2998	2740
915	337	2998	2740
337	932	2719	1369
932	337	2719	1369
338	804	3008	520
804	338	3008	520
338	825	2558	818
825	338	2558	818
339	703	2682	205
703	339	2682	205
340	560	3130	1373
560	340	3130	1373
340	846	2866	5354
846	340	2866	5354
340	925	3126	7281
925	340	3126	7281
340	989	3189	8689
989	340	3189	8689
340	998	2713	3330
998	340	2713	3330
341	473	3054	125
473	341	3054	125
341	592	2703	377
592	341	2703	377
341	930	2516	1053
930	341	2516	1053
342	544	2401	193
544	342	2401	193
342	616	2665	677
616	342	2665	677
342	678	2453	477
678	342	2453	477
342	982	3091	274
982	342	3091	274
343	804	2814	2516
804	343	2814	2516
343	863	2872	1385
863	343	2872	1385
343	888	2776	1693
888	343	2776	1693
344	625	2448	757
625	344	2448	757
345	626	2475	160
626	345	2475	160
345	760	2969	3485
760	345	2969	3485
345	803	2582	8698
803	345	2582	8698
345	828	2429	2005
828	345	2429	2005
346	537	2851	229
537	346	2851	229
346	574	2680	289
574	346	2680	289
346	813	3155	445
813	346	3155	445
346	860	2704	425
860	346	2704	425
346	966	2472	533
966	346	2472	533
347	827	2727	1525
827	347	2727	1525
347	858	2715	1300
858	347	2715	1300
347	900	3169	7754
900	347	3169	7754
348	693	2835	1602
693	348	2835	1602
348	864	2415	1465
864	348	2415	1465
348	1000	2513	1313
1000	348	2513	1313
349	367	2612	565
367	349	2612	565
349	449	2735	340
449	349	2735	340
349	711	3013	7045
711	349	3013	7045
349	720	2577	986
720	349	2577	986
349	778	3012	1360
778	349	3012	1360
350	421	2921	493
421	350	2921	493
350	545	2914	360
545	350	2914	360
351	459	3148	500
459	351	3148	500
351	721	2849	113
721	351	2849	113
352	488	2543	250
488	352	2543	250
352	700	2942	1025
700	352	2942	1025
353	415	2703	404
415	353	2703	404
353	802	3196	164
802	353	3196	164
354	477	2863	1285
477	354	2863	1285
354	673	2980	242
673	354	2980	242
354	799	3025	565
799	354	3025	565
354	941	2783	1445
941	354	2783	1445
355	395	2914	314
395	355	2914	314
355	507	2696	485
507	355	2696	485
355	615	2617	218
615	355	2617	218
355	789	2585	757
789	355	2585	757
356	448	2574	145
448	356	2574	145
356	618	2752	149
618	356	2752	149
356	648	2504	1010
648	356	2504	1010
356	747	2527	313
747	356	2527	313
356	851	2525	225
851	356	2525	225
357	529	2444	514
529	357	2444	514
357	914	2524	2997
914	357	2524	2997
358	480	2873	530
480	358	2873	530
358	492	2990	653
492	358	2990	653
358	834	2983	1493
834	358	2983	1493
358	916	2576	617
916	358	2576	617
359	604	2480	1753
604	359	2480	1753
359	694	2708	425
694	359	2708	425
360	418	2763	1096
418	360	2763	1096
360	453	2888	514
453	360	2888	514
360	856	2478	914
856	360	2478	914
361	637	2424	985
637	361	2424	985
361	807	2607	1746
807	361	2607	1746
361	922	2599	1522
922	361	2599	1522
362	712	2776	245
712	362	2776	245
362	816	3173	61
816	362	3173	61
362	841	2563	493
841	362	2563	493
363	873	2717	2165
873	363	2717	2165
363	881	3138	1514
881	363	3138	1514
364	476	2830	1300
476	364	2830	1300
364	534	2615	20
534	364	2615	20
364	711	3131	2210
711	364	3131	2210
365	636	2632	2273
636	365	2632	2273
365	863	2806	2257
863	365	2806	2257
366	519	2506	73
519	366	2506	73
366	924	2953	7477
924	366	2953	7477
366	949	2809	962
949	366	2809	962
367	449	2756	29
449	367	2756	29
367	632	2621	85
632	367	2621	85
367	711	2665	5626
711	367	2665	5626
367	807	2793	4372
807	367	2793	4372
367	901	3185	1385
901	367	3185	1385
368	641	2729	2020
641	368	2729	2020
368	956	2948	1312
956	368	2948	1312
368	989	2862	3488
989	368	2862	3488
369	606	2612	1325
606	369	2612	1325
369	817	2940	1332
817	369	2940	1332
370	641	2662	845
641	370	2662	845
370	859	3081	6277
859	370	3081	6277
370	936	2787	6525
936	370	2787	6525
371	771	2867	1348
771	371	2867	1348
371	961	2856	1360
961	371	2856	1360
371	964	3180	2669
964	371	3180	2669
372	726	3020	6145
726	372	3020	6145
372	825	2556	1157
825	372	2556	1157
372	833	2488	5905
833	372	2488	5905
374	548	3038	1157
548	374	3038	1157
374	652	2699	757
652	374	2699	757
374	679	2771	1565
679	374	2771	1565
374	746	3114	169
746	374	3114	169
374	903	2754	1570
903	374	2754	1570
375	655	2682	2465
655	375	2682	2465
375	899	2596	533
899	375	2596	533
375	912	2645	493
912	375	2645	493
375	956	2478	2330
956	375	2478	2330
376	398	3025	388
398	376	3025	388
376	910	3136	1570
910	376	3136	1570
376	968	2624	1258
968	376	2624	1258
377	502	2581	712
502	377	2581	712
377	672	2933	4930
672	377	2933	4930
377	976	2499	477
976	377	2499	477
378	502	2709	1160
502	378	2709	1160
378	976	2730	1517
976	378	2730	1517
379	383	2797	45
383	379	2797	45
379	657	2816	305
657	379	2816	305
379	788	2841	1802
788	379	2841	1802
380	785	2859	2729
785	380	2859	2729
380	950	3004	689
950	380	3004	689
380	979	2492	5249
979	380	2492	5249
381	590	2761	605
590	381	2761	605
381	609	2987	197
609	381	2987	197
381	733	2585	1889
733	381	2585	1889
381	736	2452	1993
736	381	2452	1993
381	886	2558	1640
886	381	2558	1640
382	638	2486	1513
638	382	2486	1513
382	782	2780	585
782	382	2780	585
382	915	2759	4162
915	382	2759	4162
382	973	2723	2341
973	382	2723	2341
383	657	2951	530
657	383	2951	530
383	788	2603	1685
788	383	2603	1685
383	843	3188	1717
843	383	3188	1717
384	624	2585	1205
624	384	2585	1205
384	712	2457	1066
712	384	2457	1066
384	748	2660	2917
748	384	2660	2917
384	783	2514	6676
783	384	2514	6676
384	848	2795	7985
848	384	2795	7985
385	734	2981	221
734	385	2981	221
385	797	2723	809
797	385	2723	809
385	944	2901	29
944	385	2901	29
385	969	2742	1604
969	385	2742	1604
386	503	2757	49
503	386	2757	49
386	939	2914	585
939	386	2914	585
387	655	2971	281
655	387	2971	281
387	769	2582	53
769	387	2582	53
387	956	2541	1618
956	387	2541	1618
388	708	2781	1640
708	388	2781	1640
388	896	2712	841
896	388	2712	841
388	987	3133	265
987	388	3133	265
388	991	3164	1300
991	388	3164	1300
389	838	2546	2900
838	389	2546	2900
389	934	3018	941
934	389	3018	941
389	967	2937	853
967	389	2937	853
390	423	2545	229
423	390	2545	229
390	523	3189	941
523	390	3189	941
390	620	3019	226
620	390	3019	226
390	755	2540	2756
755	390	2540	2756
390	770	3140	953
770	390	3140	953
391	393	2453	1250
393	391	2453	1250
391	757	2790	1417
757	391	2790	1417
391	902	2489	289
902	391	2489	289
392	617	2804	1640
617	392	2804	1640
392	981	2641	4850
981	392	2641	4850
392	996	2609	377
996	392	2609	377
393	457	2700	730
457	393	2700	730
393	757	2433	5297
757	393	2433	5297
393	869	2479	5338
869	393	2479	5338
394	645	3136	2125
645	394	3136	2125
394	744	2482	1381
744	394	2482	1381
394	775	2575	8186
775	394	2575	8186
394	852	2524	2405
852	394	2524	2405
395	615	2489	900
615	395	2489	900
395	781	2494	2285
781	395	2494	2285
395	789	3169	1865
789	395	3169	1865
396	792	2783	1898
792	396	2783	1898
396	839	2597	929
839	396	2597	929
397	429	3105	257
429	397	3105	257
397	616	2604	153
616	397	2604	153
397	703	2831	164
703	397	2831	164
398	893	2400	2801
893	398	2400	2801
398	910	2830	1586
910	398	2830	1586
398	968	3052	1250
968	398	3052	1250
399	947	3091	6165
947	399	3091	6165
399	981	3072	85
981	399	3072	85
399	999	2530	1033
999	399	2530	1033
400	586	3077	360
586	400	3077	360
400	667	3163	586
667	400	3163	586
400	787	2844	2900
787	400	2844	2900
400	977	3027	1280
977	400	3027	1280
401	799	2862	530
799	401	2862	530
401	917	3060	1370
917	401	3060	1370
401	941	2596	1250
941	401	2596	1250
401	975	2643	1282
975	401	2643	1282
402	475	3064	1096
475	402	3064	1096
402	551	2445	1129
551	402	2445	1129
402	622	3003	2312
622	402	3003	2312
402	723	3100	3025
723	402	3100	3025
402	867	2646	3877
867	402	2646	3877
403	828	2932	65
828	403	2932	65
403	857	2405	2621
857	403	2405	2621
403	885	3084	1145
885	403	3084	1145
404	759	3068	234
759	404	3068	234
404	762	2931	954
762	404	2931	954
404	772	2564	1105
772	404	2564	1105
404	795	3142	3185
795	404	3142	3185
404	832	2623	650
832	404	2623	650
405	550	2902	202
550	405	2902	202
405	984	2713	1961
984	405	2713	1961
405	988	2774	1044
988	405	2774	1044
406	617	2671	1557
617	406	2671	1557
406	698	2516	2000
698	406	2516	2000
406	706	2637	6250
706	406	2637	6250
406	713	3012	8608
713	406	3012	8608
406	929	3174	1233
929	406	3174	1233
407	583	2769	1480
583	407	2769	1480
407	965	3184	325
965	407	3184	325
407	985	2554	1241
985	407	2554	1241
407	986	2879	1354
986	407	2879	1354
408	428	2545	320
428	408	2545	320
408	471	2579	745
471	408	2579	745
409	843	3119	40
843	409	3119	40
409	863	3143	260
863	409	3143	260
409	888	2699	232
888	409	2699	232
410	493	2501	5
493	410	2501	5
410	680	2520	1714
680	410	2520	1714
410	963	2771	2785
963	410	2771	2785
410	988	3122	793
988	410	3122	793
411	744	3116	2836
744	411	3116	2836
411	881	3103	3114
881	411	3103	3114
411	908	2832	2824
908	411	2832	2824
411	915	2685	1053
915	411	2685	1053
412	575	2637	1664
575	412	2637	1664
412	596	2853	1053
596	412	2853	1053
412	689	2447	5785
689	412	2447	5785
412	855	2717	3946
855	412	2717	3946
413	785	2966	1332
785	413	2966	1332
413	958	2421	2437
958	413	2421	2437
414	470	2899	306
470	414	2899	306
414	539	3105	493
539	414	3105	493
414	908	2631	680
908	414	2631	680
414	973	2559	2020
973	414	2559	2020
414	994	2671	7312
994	414	2671	7312
415	523	2881	1261
523	415	2881	1261
415	611	2556	1825
611	415	2556	1825
415	802	2835	936
802	415	2835	936
416	760	3153	941
760	416	3153	941
416	828	3182	873
828	416	3182	873
416	885	2659	145
885	416	2659	145
416	940	2500	784
940	416	2500	784
417	660	2823	580
660	417	2823	580
417	769	2849	1157
769	417	2849	1157
417	883	2850	464
883	417	2850	464
417	920	3189	125
920	417	3189	125
418	853	2853	842
853	418	2853	842
418	856	2943	290
856	418	2943	290
419	463	2403	730
463	419	2403	730
419	749	3126	850
749	419	3126	850
419	835	2740	157
835	419	2740	157
420	530	2454	500
530	420	2454	500
420	750	2468	6224
750	420	2468	6224
420	817	2502	4121
817	420	2502	4121
420	892	2504	7213
892	420	2504	7213
421	545	3078	481
545	421	3078	481
421	755	2524	4176
755	421	2524	4176
422	635	2516	1565
635	422	2516	1565
422	696	2868	2210
696	422	2868	2210
422	808	2934	562
808	422	2934	562
422	914	2707	40
914	422	2707	40
423	523	2544	1354
523	423	2544	1354
423	558	3154	625
558	423	3154	625
423	620	2701	9
620	423	2701	9
424	559	2836	733
559	424	2836	733
424	878	2708	1250
878	424	2708	1250
424	970	2706	5384
970	424	2706	5384
425	667	2444	205
667	425	2444	205
425	711	2865	2533
711	425	2865	2533
425	931	2728	1669
931	425	2728	1669
425	960	3190	1241
960	425	3190	1241
425	997	3009	3200
997	425	3009	3200
426	577	2776	369
577	426	2776	369
426	621	2731	1538
621	426	2731	1538
426	822	3155	6322
822	426	3155	6322
426	834	3061	3922
834	426	3061	3922
426	977	2659	400
977	426	2659	400
427	458	2487	61
458	427	2487	61
427	556	3036	578
556	427	3036	578
427	599	2438	949
599	427	2438	949
427	643	2575	1565
643	427	2575	1565
427	719	3146	2601
719	427	3146	2601
427	773	3161	2164
773	427	3161	2164
428	471	2897	265
471	428	2897	265
428	711	2954	1649
711	428	2954	1649
428	997	3165	130
997	428	3165	130
429	616	2550	482
616	429	2550	482
429	678	2528	970
678	429	2528	970
429	703	2733	185
703	429	2733	185
429	869	2876	5648
869	429	2876	5648
430	492	2667	650
492	430	2667	650
430	898	2908	2106
898	430	2908	2106
430	905	3178	289
905	430	3178	289
430	916	2997	4162
916	430	2997	4162
431	803	3119	2521
803	431	3119	2521
431	917	2877	3860
917	431	2877	3860
431	962	2588	2132
962	431	2588	2132
432	467	2740	85
467	432	2740	85
432	479	3055	657
479	432	3055	657
433	460	2801	505
460	433	2801	505
433	476	2646	145
476	433	2646	145
433	508	2796	1280
508	433	2796	1280
433	720	2459	1096
720	433	2459	1096
434	891	2805	4553
891	434	2805	4553
435	726	2788	1465
726	435	2788	1465
435	936	2888	585
936	435	2888	585
436	825	2698	4329
825	436	2698	4329
436	843	2846	800
843	436	2846	800
436	888	2582	832
888	436	2582	832
437	674	3136	656
674	437	3136	656
437	730	2909	2465
730	437	2909	2465
437	927	2509	754
927	437	2509	754
438	519	2866	1345
519	438	2866	1345
438	570	2939	689
570	438	2939	689
438	722	2801	386
722	438	2801	386
438	742	2785	1160
742	438	2785	1160
438	949	2445	320
949	438	2445	320
439	452	2635	514
452	439	2635	514
439	987	2830	7300
987	439	2830	7300
440	546	2926	82
546	440	2926	82
440	954	2707	697
954	440	2707	697
441	640	2409	193
640	441	2409	193
441	653	2753	901
653	441	2753	901
441	751	2639	650
751	441	2639	650
441	992	2541	761
992	441	2541	761
442	462	2942	520
462	442	2942	520
442	830	3100	481
830	442	3100	481
442	960	2691	1157
960	442	2691	1157
442	997	3124	1460
997	442	3124	1460
443	882	3051	2405
882	443	3051	2405
443	884	2571	466
884	443	2571	466
444	671	3020	221
671	444	3020	221
444	771	2556	340
771	444	2556	340
445	583	2821	634
583	445	2821	634
445	604	3110	160
604	445	3110	160
445	780	2597	761
780	445	2597	761
445	831	3127	1250
831	445	3127	1250
446	536	2685	226
536	446	2685	226
446	590	2847	650
590	446	2847	650
446	668	2541	356
668	446	2541	356
446	868	3171	5
868	446	3171	5
447	521	2935	208
521	447	2935	208
447	824	3067	697
824	447	3067	697
447	919	3151	2041
919	447	3151	2041
448	518	2699	676
518	448	2699	676
448	618	2937	68
618	448	2937	68
448	747	2999	144
747	448	2999	144
448	761	2722	37
761	448	2722	37
449	632	2784	196
632	449	2784	196
449	778	2929	884
778	449	2929	884
450	524	2984	1258
524	450	2984	1258
450	937	2438	1658
937	450	2438	1658
450	976	3062	4570
976	450	3062	4570
451	456	2868	545
456	451	2868	545
451	522	2609	1145
522	451	2609	1145
451	696	2802	898
696	451	2802	898
452	894	2936	1732
894	452	2936	1732
453	608	2815	1021
608	453	2815	1021
453	856	3177	1256
856	453	3177	1256
453	968	3080	580
968	453	3080	580
454	501	2853	250
501	454	2853	250
454	524	2513	673
524	454	2513	673
454	644	2680	613
644	454	2680	613
454	715	2846	788
715	454	2846	788
454	976	2429	3809
976	454	2429	3809
455	692	3058	80
692	455	3058	80
455	701	3069	4705
701	455	3069	4705
455	720	2690	481
720	455	2690	481
455	951	2996	6697
951	455	2996	6697
456	611	2713	314
611	456	2713	314
456	645	2776	677
645	456	2776	677
457	828	3160	8125
828	457	3160	8125
457	869	2550	5480
869	457	2550	5480
458	556	2559	265
556	458	2559	265
458	599	3078	890
599	458	3078	890
459	653	3038	73
653	459	3038	73
459	992	2672	613
992	459	2672	613
460	476	2849	144
476	460	2849	144
460	768	2871	325
768	460	2871	325
461	514	3192	964
514	461	3192	964
461	889	2593	1450
889	461	2593	1450
462	812	2540	400
812	462	2540	400
462	830	2422	1157
830	462	2422	1157
462	997	2706	1172
997	462	2706	1172
463	676	3190	8434
676	463	3190	8434
463	749	2879	3152
749	463	2879	3152
463	835	2696	541
835	463	2696	541
463	881	3148	8116
881	463	3148	8116
463	934	2476	1625
934	463	2476	1625
464	634	2727	1352
634	464	2727	1352
464	784	2408	349
784	464	2408	349
464	924	2852	3601
924	464	2852	3601
464	973	2963	586
973	464	2963	586
465	542	2471	1018
542	465	2471	1018
465	749	2587	7225
749	465	2587	7225
465	933	2699	1949
933	465	2699	1949
465	994	2872	2581
994	465	2872	2581
466	572	2636	1205
572	466	2636	1205
466	650	2434	80
650	466	2434	80
466	685	2862	26
685	466	2862	26
466	820	2775	32
820	466	2775	32
467	479	2834	1210
479	467	2834	1210
467	974	2630	565
974	467	2630	565
468	984	3190	1616
984	468	3190	1616
469	866	2823	548
866	469	2823	548
469	967	3156	2642
967	469	3156	2642
470	908	3086	170
908	470	3086	170
470	933	2716	1514
933	470	2716	1514
470	994	2958	5386
994	470	2958	5386
471	812	2458	125
812	471	2458	125
471	997	2507	149
997	471	2507	149
472	855	2951	697
855	472	2951	697
472	951	2866	85
951	472	2866	85
473	592	2836	562
592	473	2836	562
473	811	2733	949
811	473	2733	949
473	930	2446	1898
930	473	2446	1898
473	954	2858	377
954	473	2858	377
474	554	2746	641
554	474	2746	641
474	811	2847	2906
811	474	2847	2906
475	551	2503	1165
551	475	2503	1165
475	723	2451	909
723	475	2451	909
476	534	2465	1160
534	476	2465	1160
477	673	2822	1241
673	477	2822	1241
477	718	2692	452
718	477	2692	452
477	729	2613	389
729	477	2613	389
477	799	2746	2890
799	477	2746	2890
477	922	2469	514
922	477	2469	514
478	980	2872	1717
980	478	2872	1717
479	858	2868	2797
858	479	2868	2797
479	894	2760	820
894	479	2760	820
480	492	2681	117
492	480	2681	117
480	741	3167	653
741	480	3167	653
480	959	2419	281
959	480	2419	281
481	782	2990	18
782	481	2990	18
481	784	2730	1193
784	481	2730	1193
481	973	2595	2050
973	481	2595	2050
482	675	2866	1088
675	482	2866	1088
482	824	3151	2600
824	482	3151	2600
482	970	3009	697
970	482	3009	697
482	995	3009	1616
995	482	3009	1616
483	654	2506	1810
654	483	2506	1810
483	691	2423	85
691	483	2423	85
483	736	2973	1693
736	483	2973	1693
483	818	3030	1037
818	483	3030	1037
484	628	2973	68
628	484	2973	68
485	486	2459	900
486	485	2459	900
485	659	2878	1777
659	485	2878	1777
485	663	3049	16
663	485	3049	16
486	659	3009	1381
659	486	3009	1381
486	663	2844	1108
663	486	2844	1108
486	889	3072	6212
889	486	3072	6212
487	721	2767	617
721	487	2767	617
487	722	2524	442
722	487	2524	442
487	724	3091	1306
724	487	3091	1306
487	742	3027	1600
742	487	3027	1600
487	777	2762	580
777	487	2762	580
488	700	2939	425
700	488	2939	425
489	520	2434	208
520	489	2434	208
489	651	2679	937
651	489	2679	937
489	694	2735	661
694	489	2735	661
489	935	2974	580
935	489	2974	580
490	557	2712	85
557	490	2712	85
490	656	2659	2725
656	490	2659	2725
490	979	3133	164
979	490	3133	164
491	509	3056	104
509	491	3056	104
491	774	3194	5777
774	491	3194	5777
491	839	2775	2885
839	491	2775	2885
492	905	2812	565
905	492	2812	565
492	916	3129	2468
916	492	3129	2468
492	959	3042	170
959	492	3042	170
493	680	2540	1901
680	493	2540	1901
493	988	2614	712
988	493	2614	712
494	756	3038	3305
756	494	3038	3305
494	818	2678	7969
818	494	2678	7969
494	855	3109	1409
855	494	3109	1409
495	708	2738	1768
708	495	2738	1768
495	941	3061	901
941	495	3061	901
495	991	2929	1940
991	495	2929	1940
496	568	3195	405
568	496	3195	405
496	731	2980	5540
731	496	2980	5540
496	803	2559	873
803	496	2559	873
497	603	2827	449
603	497	2827	449
497	763	2754	180
763	497	2754	180
497	828	2516	1373
828	497	2516	1373
497	865	3134	865
865	497	3134	865
497	902	2941	745
902	497	2941	745
498	595	3002	313
595	498	3002	313
498	743	2695	277
743	498	2695	277
498	787	3053	1885
787	498	3053	1885
498	834	3107	745
834	498	3107	745
498	916	2945	1105
916	498	2945	1105
499	631	3132	881
631	499	3132	881
499	819	2923	522
819	499	2923	522
499	846	3047	745
846	499	3047	745
500	665	2593	212
665	500	2593	212
500	760	2565	117
760	500	2565	117
500	847	2991	1220
847	500	2991	1220
500	940	2737	1306
940	500	2737	1306
501	524	2635	333
524	501	2635	333
501	715	2756	178
715	501	2756	178
501	870	2439	229
870	501	2439	229
502	976	3003	1249
976	502	3003	1249
503	637	2749	986
637	503	2749	986
503	922	2903	3833
922	503	2903	3833
503	939	2654	928
939	503	2654	928
503	987	2429	2989
987	503	2429	2989
504	680	2731	442
680	504	2731	442
504	707	2854	245
707	504	2854	245
504	963	2448	1229
963	504	2448	1229
505	543	3036	1345
543	505	3036	1345
505	775	2997	580
775	505	2997	580
505	860	2582	1490
860	505	2582	1490
505	879	2400	530
879	505	2400	530
506	749	2421	370
749	506	2421	370
506	835	3053	685
835	506	3053	685
506	934	2601	617
934	506	2601	617
506	967	3095	765
967	506	3095	765
507	615	2426	369
615	507	2426	369
507	789	2505	116
789	507	2505	116
507	840	2402	2788
840	507	2402	2788
508	701	2439	520
701	508	2439	520
508	768	2409	2900
768	508	2409	2900
509	593	3171	2105
593	509	3171	2105
509	792	3183	4264
792	509	3183	4264
509	839	2422	3321
839	509	2422	3321
510	690	3194	3602
690	510	3194	3602
510	744	2484	1105
744	510	2484	1105
510	881	3142	4481
881	510	3142	4481
511	598	2505	305
598	511	2505	305
511	639	2583	865
639	511	2583	865
511	727	3156	1130
727	511	3156	1130
511	847	2813	629
847	511	2813	629
511	940	2798	1093
940	511	2798	1093
512	591	2885	1040
591	512	2885	1040
512	716	2879	2813
716	512	2879	2813
512	948	3124	850
948	512	3124	850
513	594	3026	1226
594	513	3026	1226
513	738	2562	1476
738	513	2562	1476
513	943	2629	3722
943	513	2629	3722
513	969	2438	3793
969	513	2438	3793
513	990	2830	794
990	513	2830	794
514	711	2849	7466
711	514	2849	7466
514	812	2970	3385
812	514	2970	3385
514	889	2471	1282
889	514	2471	1282
515	732	2999	1277
732	515	2999	1277
515	744	3029	3293
744	515	3029	3293
515	915	2903	1546
915	515	2903	1546
515	932	2946	85
932	515	2946	85
516	522	2795	865
522	516	2795	865
516	645	2434	730
645	516	2434	730
516	801	2666	1000
801	516	2666	1000
516	852	2867	1040
852	516	2867	1040
517	594	2559	833
594	517	2559	833
517	910	2862	290
910	517	2862	290
517	980	2633	8245
980	517	2633	8245
518	747	2681	196
747	518	2681	196
518	976	2755	6565
976	518	2755	6565
519	742	3060	1285
742	519	3060	1285
519	924	2905	7922
924	519	2905	7922
519	949	2815	865
949	519	2815	865
519	994	3050	3985
994	519	3050	3985
520	682	2971	325
682	520	2971	325
521	657	2962	797
657	521	2962	797
521	824	2447	1025
824	521	2447	1025
521	919	2982	3545
919	521	2982	3545
521	995	3009	2029
995	521	3009	2029
522	801	2748	365
801	522	2748	365
522	861	2799	1
861	522	2799	1
523	770	3003	10
770	523	3003	10
524	870	2434	580
870	524	2434	580
524	976	2969	2624
976	524	2969	2624
525	679	2819	730
679	525	2819	730
525	826	2678	580
826	525	2678	580
525	919	2912	1321
919	525	2912	1321
526	815	2776	128
815	526	2776	128
526	844	2737	3232
844	526	2737	3232
526	1000	2799	586
1000	526	2799	586
527	607	2927	740
607	527	2927	740
527	798	3013	1625
798	527	3013	1625
527	838	2554	2624
838	527	2554	2624
527	873	2600	1913
873	527	2600	1913
527	934	2725	6125
934	527	2725	6125
528	948	2791	221
948	528	2791	221
529	783	2951	6161
783	529	2951	6161
529	914	2848	1945
914	529	2848	1945
530	750	3061	4420
750	530	3061	4420
530	817	3185	2097
817	530	3185	2097
531	741	2897	281
741	531	2897	281
531	806	2778	64
806	531	2778	64
531	831	3023	5300
831	531	3023	5300
532	535	2607	962
535	532	2607	962
532	588	3016	601
588	532	3016	601
532	719	2458	1937
719	532	2458	1937
532	733	2617	2249
733	532	2617	2249
532	886	2448	1172
886	532	2448	1172
533	564	2596	725
564	533	2596	725
533	730	2541	2125
730	533	2541	2125
533	739	2577	1165
739	533	2577	1165
533	779	2750	3380
779	533	2750	3380
533	819	2525	5121
819	533	2525	5121
534	711	2607	2250
711	534	2607	2250
534	768	3079	281
768	534	3079	281
535	588	2490	85
588	535	2490	85
535	681	2806	865
681	535	2806	865
536	644	2835	1585
644	536	2835	1585
536	868	2640	173
868	536	2640	173
537	543	2654	1097
543	537	2654	1097
537	574	2948	100
574	537	2948	100
537	860	3015	424
860	537	3015	424
538	787	2868	1210
787	538	2868	1210
538	916	2668	1402
916	538	2668	1402
538	922	2698	4250
922	538	2698	4250
539	908	2847	1657
908	539	2847	1657
539	915	2737	2042
915	539	2737	2042
539	973	2762	985
973	539	2762	985
540	567	2588	1210
567	540	2588	1210
540	621	3117	8
621	540	3117	8
540	957	2478	2465
957	540	2478	2465
541	563	2854	386
563	541	2854	386
541	735	2575	2600
735	541	2575	2600
541	772	2925	778
772	541	2925	778
541	795	3140	1714
795	541	3140	1714
542	699	2514	2536
699	542	2514	2536
542	749	3047	6305
749	542	3047	6305
542	994	2932	1413
994	542	2932	1413
543	709	2710	250
709	543	2710	250
543	775	2986	1025
775	543	2986	1025
543	860	2474	1525
860	543	2474	1525
544	616	2604	482
616	544	2604	482
544	982	2860	9
982	544	2860	9
545	643	3053	578
643	545	3053	578
545	818	3176	1576
818	545	3176	1576
546	954	3037	1189
954	546	3037	1189
547	700	2405	7921
700	547	2405	7921
547	884	2509	305
884	547	2509	305
548	652	2679	554
652	548	2679	554
548	684	2523	250
684	548	2523	250
548	746	2729	962
746	548	2729	962
548	767	2616	25
767	548	2616	25
548	859	2943	949
859	548	2943	949
548	895	2841	673
895	548	2841	673
549	551	2879	250
551	549	2879	250
549	622	2926	1417
622	549	2926	1417
549	867	2930	3170
867	549	2930	3170
550	988	3050	442
988	550	3050	442
551	622	3180	2357
622	551	3180	2357
552	661	3034	2312
661	552	3034	2312
552	817	2789	3904
817	552	2789	3904
553	614	2752	1348
614	553	2752	1348
553	687	3059	925
687	553	3059	925
553	976	3045	1060
976	553	3045	1060
554	664	2733	317
664	554	2733	317
554	786	2803	397
786	554	2803	397
554	811	3141	1469
811	554	3141	1469
554	882	2527	509
882	554	2527	509
555	566	2486	905
566	555	2486	905
555	575	3051	1697
575	555	3051	1697
555	627	2915	160
627	555	2915	160
555	837	2923	6409
837	555	2923	6409
555	855	2767	1129
855	555	2767	1129
555	900	2670	5009
900	555	2670	5009
556	643	2410	477
643	556	2410	477
557	817	2801	2404
817	557	2801	2404
557	979	2698	257
979	557	2698	257
558	620	2667	634
620	558	2667	634
558	773	3195	2560
773	558	3195	2560
558	988	2915	5416
988	558	2915	5416
559	809	2596	610
809	559	2596	610
559	878	2536	733
878	559	2536	733
559	953	2744	1402
953	559	2744	1402
559	970	2448	4649
970	559	2448	4649
560	846	2840	6805
846	560	2840	6805
560	910	2643	2125
910	560	2643	2125
561	731	3062	482
731	561	3062	482
561	892	2622	61
892	561	2622	61
562	637	2676	170
637	562	2676	170
562	807	2699	1625
807	562	2699	1625
563	735	2842	4658
735	563	2842	4658
563	772	3038	1160
772	563	3038	1160
563	798	2439	2704
798	563	2439	2704
563	873	3113	2770
873	563	3113	2770
563	879	2824	2098
879	563	2824	2098
564	738	2934	1602
738	564	2934	1602
564	943	2667	1088
943	564	2667	1088
564	946	2794	738
946	564	2794	738
565	740	2431	260
740	565	2431	260
565	871	3119	338
871	565	3119	338
565	970	2788	2402
970	565	2788	2402
565	981	2571	1825
981	565	2571	1825
565	999	2970	629
999	565	2970	629
566	627	3180	1025
627	566	3180	1025
566	692	2440	1025
692	566	2440	1025
566	900	3017	3250
900	566	3017	3250
567	577	2649	305
577	567	2649	305
567	862	2513	1730
862	567	2513	1730
567	876	2514	1129
876	567	2514	1129
567	926	2644	1601
926	567	2644	1601
567	977	2708	1636
977	567	2708	1636
568	600	2975	1640
600	568	2975	1640
568	601	2589	1066
601	568	2589	1066
568	623	2845	850
623	568	2845	850
568	803	2729	1332
803	568	2729	1332
569	858	2513	362
858	569	2513	362
569	894	3030	577
894	569	3030	577
570	722	3163	485
722	570	3163	485
570	758	2794	5945
758	570	2794	5945
570	793	3165	2210
793	570	3165	2210
571	869	2836	884
869	571	2836	884
571	962	2857	3385
962	571	2857	3385
572	685	2584	1585
685	572	2584	1585
572	737	2781	962
737	572	2781	962
572	758	3096	1010
758	572	3096	1010
572	820	2737	1021
820	572	2737	1021
572	829	3069	641
829	572	3069	641
572	864	2674	2089
864	572	2674	2089
573	958	3145	1588
958	573	3145	1588
573	979	2456	2845
979	573	2456	2845
574	580	2491	1105
580	574	2491	1105
574	966	2941	1480
966	574	2941	1480
574	993	2482	1508
993	574	2482	1508
575	837	2421	2482
837	575	2421	2482
575	855	2692	970
855	575	2692	970
576	709	2454	1514
709	576	2454	1514
576	775	2731	2125
775	576	2731	2125
576	802	3096	3770
802	576	3096	3770
577	621	3077	1409
621	577	3077	1409
577	977	2482	577
977	577	2482	577
578	701	2722	1556
701	578	2722	1556
578	937	2892	865
937	578	2892	865
578	951	3078	3482
951	578	3078	3482
579	594	2928	637
594	579	2928	637
579	846	2564	1690
846	579	2564	1690
579	897	2594	250
897	579	2594	250
579	909	2402	325
909	579	2402	325
579	910	2949	2600
910	579	2949	2600
580	755	2578	676
755	580	2578	676
580	770	3118	5389
770	580	3118	5389
580	966	3128	1125
966	580	3128	1125
580	993	2938	3977
993	580	2938	3977
581	746	2585	3761
746	581	2585	3761
581	859	2962	2330
859	581	2962	2330
581	936	2941	1024
936	581	2941	1024
582	666	2843	452
666	582	2843	452
582	779	2597	746
779	582	2597	746
582	946	2933	925
946	582	2933	925
583	604	2765	1066
604	583	2765	1066
583	780	2594	325
780	583	2594	325
583	965	2413	425
965	583	2413	425
583	985	2923	1189
985	583	2923	1189
584	614	2875	265
614	584	2875	265
584	937	2819	4321
937	584	2819	4321
585	710	2771	3321
710	585	2771	3321
585	735	3105	89
735	585	3105	89
585	795	2770	145
795	585	2770	145
585	958	2817	3721
958	585	2817	3721
586	667	3152	1258
667	586	3152	1258
586	960	3132	554
960	586	3132	554
586	977	2868	680
977	586	2868	680
587	785	2777	445
785	587	2777	445
587	987	2894	3265
987	587	2894	3265
588	681	2909	1450
681	588	2909	1450
589	605	2513	1105
605	589	2513	1105
589	853	3191	101
853	589	3191	101
589	856	3103	377
856	589	3103	377
590	609	2504	450
609	590	2504	450
590	668	2755	738
668	590	2755	738
590	736	2868	970
736	590	2868	970
590	868	2427	697
868	590	2427	697
591	781	2401	274
781	591	2401	274
591	789	2790	730
789	591	2790	730
591	978	2903	130
978	591	2903	130
592	646	2575	218
646	592	2575	218
592	661	2430	928
661	592	2430	928
592	930	2527	1412
930	592	2527	1412
592	954	2781	1369
954	592	2781	1369
593	727	3052	2000
727	593	3052	2000
593	847	2989	3557
847	593	2989	3557
593	892	2558	1745
892	593	2558	1745
593	907	3197	2720
907	593	3197	2720
594	897	2588	257
897	594	2588	257
594	910	2900	1417
910	594	2900	1417
594	969	2814	8593
969	594	2814	8593
595	743	2550	10
743	595	2550	10
596	689	2733	1924
689	596	2733	1924
596	928	3102	313
928	596	3102	313
597	766	3167	802
766	597	3167	802
597	783	2516	2925
783	597	2516	2925
597	791	3091	1714
791	597	3091	1714
597	845	2528	1098
845	597	2528	1098
598	639	2470	1088
639	598	2470	1088
598	774	2441	2105
774	598	2441	2105
598	857	2877	1021
857	598	2877	1021
598	940	2568	1202
940	598	2568	1202
599	654	2495	769
654	599	2495	769
599	719	2752	730
719	599	2752	730
599	818	3063	3338
818	599	3063	3338
599	874	2470	629
874	599	2470	629
600	601	2856	74
601	600	2856	74
600	623	2756	1138
623	600	2756	1138
601	623	2992	680
623	601	2992	680
602	711	2877	1721
711	602	2877	1721
602	807	2983	4329
807	602	2983	4329
602	931	2591	205
931	602	2591	205
603	626	2530	701
626	603	2530	701
603	763	3049	557
763	603	3049	557
603	902	2827	338
902	603	2827	338
604	694	2726	2500
694	604	2726	2500
604	935	2844	1069
935	604	2844	1069
605	608	2564	1109
608	605	2564	1109
605	670	3170	709
670	605	3170	709
606	983	2759	593
983	606	2759	593
607	798	2466	445
798	607	2466	445
607	873	2672	289
873	607	2672	289
608	913	2813	1445
913	608	2813	1445
608	968	2511	2165
968	608	2511	2165
609	672	2523	2810
672	609	2523	2810
609	868	2868	1693
868	609	2868	1693
609	886	3125	2929
886	609	3125	2929
610	696	3172	1037
696	610	3172	1037
610	783	2612	3357
783	610	2612	3357
610	808	3060	433
808	610	3060	433
610	914	2808	2197
914	610	2808	2197
611	645	2693	765
645	611	2693	765
611	802	2794	1549
802	611	2794	1549
612	663	2917	1700
663	612	2917	1700
612	776	2984	802
776	612	2984	802
613	671	3179	2533
671	613	3179	2533
613	752	2777	3152
752	613	2777	3152
613	781	3162	3889
781	613	3162	3889
613	849	3048	2600
849	613	3048	2600
613	961	2876	1220
961	613	2876	1220
614	663	2564	1832
663	614	2564	1832
614	687	2790	1513
687	614	2790	1513
614	747	2584	6389
747	614	2584	6389
614	976	2513	4736
976	614	2513	4736
615	840	2851	1189
840	615	2851	1189
615	906	2582	2602
906	615	2582	2602
616	678	2603	884
678	616	2603	884
616	875	2583	2146
875	616	2583	2146
616	982	3035	557
982	616	3035	557
617	698	2494	2477
698	617	2494	2477
617	919	2995	2628
919	617	2995	2628
617	929	2935	72
929	617	2935	72
617	996	3116	1453
996	617	3116	1453
618	761	2496	13
761	618	2496	13
618	851	3053	164
851	618	3053	164
619	783	2851	4033
783	619	2851	4033
619	891	2569	1620
891	619	2569	1620
620	755	2432	3922
755	620	2432	3922
620	773	2757	2106
773	620	2757	2106
621	822	2582	2020
822	621	2582	2020
621	957	2453	2725
957	621	2453	2725
622	867	2479	353
867	622	2479	353
623	731	2881	2813
731	623	2881	2813
623	750	2926	5945
750	623	2926	5945
624	712	3043	493
712	624	3043	493
624	766	2981	1546
766	624	2981	1546
624	783	2413	3133
783	624	2413	3133
624	816	3011	397
816	624	3011	397
625	757	2450	7793
757	625	2450	7793
626	763	2826	410
763	626	2826	410
626	828	2550	1053
828	626	2550	1053
627	951	2467	865
951	627	2467	865
628	661	2910	4637
661	628	2910	4637
628	817	3156	2713
817	628	3156	2713
628	866	2945	4093
866	628	2945	4093
629	759	2553	7738
759	629	2553	7738
629	894	3014	4474
894	629	3014	4474
630	648	2768	466
648	630	2768	466
630	761	2691	866
761	630	2691	866
630	776	2835	2074
776	630	2835	2074
630	851	2559	425
851	630	2559	425
630	878	3190	1345
878	630	3190	1345
631	739	2905	697
739	631	2905	697
631	819	3153	2165
819	631	3153	2165
631	846	3083	404
846	631	3083	404
631	990	2604	697
990	631	2604	697
632	778	2589	800
778	632	2589	800
632	901	2694	788
901	632	2694	788
633	754	2775	1224
754	633	2775	1224
633	797	2998	205
797	633	2998	205
633	944	3053	745
944	633	3053	745
633	946	2717	2141
946	633	2717	2141
634	658	2426	340
658	634	2426	340
634	924	2512	541
924	634	2512	541
635	801	2962	565
801	635	2962	565
635	861	3109	1181
861	635	3109	1181
635	914	2695	1889
914	635	2695	1889
635	921	2956	1060
921	635	2956	1060
636	863	2490	7418
863	636	2490	7418
637	922	2564	3385
922	637	2564	3385
638	890	2964	1108
890	638	2964	1108
639	649	2880	533
649	639	2880	533
639	727	2652	493
727	639	2652	493
639	774	2939	585
774	639	2939	585
639	907	2870	421
907	639	2870	421
640	749	2967	2509
749	640	2967	2509
640	751	3093	1513
751	640	3093	1513
640	765	2771	1618
765	640	2771	1618
640	844	3170	4896
844	640	3170	4896
640	992	2922	778
992	640	2922	778
641	859	2803	5380
859	641	2803	5380
641	956	2936	1300
956	641	2936	1300
641	989	3026	2900
989	641	3026	2900
642	689	3037	2753
689	642	3037	2753
642	837	3045	50
837	642	3045	50
642	928	3014	250
928	642	3014	250
643	773	3185	977
773	643	3185	977
644	672	2403	1189
672	644	2403	1189
644	868	2550	2740
868	644	2550	2740
645	802	2542	2818
802	645	2542	2818
646	790	2519	281
790	646	2519	281
647	697	2946	577
697	647	2946	577
647	723	2678	5626
723	647	2678	5626
648	851	2524	365
851	648	2524	365
648	953	3021	5202
953	648	3021	5202
649	774	2459	650
774	649	2459	650
649	907	3002	208
907	649	3002	208
650	685	2986	18
685	650	2986	18
650	820	2698	144
820	650	2698	144
651	694	2616	626
694	651	2616	626
651	800	2599	1370
800	651	2599	1370
651	840	3129	1220
840	651	3129	1220
651	969	2677	4724
969	651	2677	4724
652	679	3121	1066
679	652	3121	1066
652	895	2724	289
895	652	2724	289
653	751	3080	1201
751	653	3080	1201
653	992	3162	500
992	653	3162	500
654	683	3190	82
683	654	3190	82
654	733	2930	625
733	654	2930	625
654	736	2599	1229
736	654	2599	1229
654	818	2544	4229
818	654	2544	4229
654	874	3132	346
874	654	3132	346
655	660	3126	425
660	655	3126	425
655	769	2917	200
769	655	2917	200
655	912	3122	1972
912	655	3122	1972
655	956	3198	2965
956	655	3198	2965
656	887	2837	522
887	656	2837	522
656	979	3097	3389
979	656	3097	3389
657	675	2517	1402
675	657	2517	1402
657	843	2878	2441
843	657	2878	2441
657	995	2943	530
995	657	2943	530
658	924	2667	533
924	658	2667	533
658	973	3056	4778
973	658	3056	4778
658	994	2630	3650
994	658	2630	3650
659	701	2772	932
701	659	2772	932
660	697	2726	1476
697	660	2726	1476
660	769	2999	685
769	660	2999	685
660	911	3198	7857
911	660	3198	7857
660	912	2623	3577
912	660	2623	3577
661	792	2874	3920
792	661	2874	3920
661	866	2675	7972
866	661	2675	7972
662	947	2910	802
947	662	2910	802
662	953	2998	754
953	662	2998	754
664	786	2969	50
786	664	2969	50
664	811	3020	692
811	664	3020	692
664	872	2518	34
872	664	2518	34
665	760	2608	569
760	665	2608	569
665	847	3053	1568
847	665	3053	1568
666	779	3176	850
779	666	3176	850
667	787	2767	2746
787	667	2767	2746
667	931	2433	1226
931	667	2433	1226
667	960	2447	1544
960	667	2447	1544
668	736	2637	712
736	668	2637	712
669	688	2663	5450
688	669	2663	5450
669	753	2721	1108
753	669	2721	1108
669	989	2586	2741
989	669	2586	2741
670	854	2605	916
854	670	2605	916
670	936	2806	2522
936	670	2806	2522
670	989	2577	5924
989	670	2577	5924
671	752	2556	1165
752	671	2556	1165
671	771	2448	97
771	671	2448	97
672	868	2584	2521
868	672	2584	2521
672	976	2648	8461
976	672	2648	8461
673	708	3122	464
708	673	3122	464
673	728	2714	464
728	673	2714	464
673	729	2779	1044
729	673	2779	1044
673	896	2948	821
896	673	2948	821
673	941	2617	2545
941	673	2617	2545
674	819	2600	2501
819	674	2600	2501
674	927	3180	10
927	674	3180	10
675	843	2725	2581
843	675	2725	2581
675	970	2868	3145
970	675	2868	3145
675	995	2524	208
995	675	2524	208
676	881	2761	2626
881	676	2761	2626
676	908	2421	200
908	676	2421	200
676	933	2927	464
933	676	2927	464
677	684	2900	164
684	677	2900	164
677	883	2417	1201
883	677	2417	1201
678	869	2622	2210
869	678	2622	2210
679	713	2795	3298
713	679	2795	3298
679	810	2579	3298
810	679	2579	3298
679	826	2616	370
826	679	2616	370
679	895	2456	1865
895	679	2456	1865
679	903	2900	5933
903	679	2900	5933
679	919	2424	3393
919	679	2424	3393
680	681	3152	1124
681	680	3152	1124
680	707	2724	113
707	680	2724	113
680	719	3123	8676
719	680	3123	8676
680	963	3112	1517
963	680	3112	1517
681	707	2973	585
707	681	2973	585
682	969	2635	7076
969	682	2635	7076
683	733	3117	261
733	683	3117	261
683	874	2622	260
874	683	2622	260
684	767	2455	145
767	684	2455	145
684	883	2619	1249
883	684	2619	1249
684	895	2929	793
895	684	2929	793
685	864	2497	5018
864	685	2497	5018
686	714	2899	289
714	686	2899	289
686	880	2898	2609
880	686	2898	2609
686	945	2471	416
945	686	2471	416
687	747	2736	2290
747	687	2736	2290
688	753	2430	6178
753	688	2430	6178
688	911	3082	1250
911	688	3082	1250
688	956	2837	6885
956	688	2837	6885
689	745	2416	2305
745	689	2416	2305
689	827	3066	3656
827	689	3066	3656
689	928	2876	2249
928	689	2876	2249
690	744	2418	8629
744	690	2418	8629
690	775	2700	776
775	690	2700	776
690	879	2537	346
879	690	2537	346
690	881	2758	8541
881	690	2758	8541
692	720	2817	545
720	692	2817	545
692	900	2912	1465
900	692	2912	1465
692	951	2427	6625
951	692	2427	6625
693	844	3124	8237
844	693	3124	8237
693	864	3117	493
864	693	3117	493
693	1000	3156	1013
1000	693	3156	1013
694	935	3014	1053
935	694	3014	1053
695	842	3147	85
842	695	3147	85
695	898	3084	1469
898	695	3084	1469
695	975	2551	377
975	695	2551	377
696	783	2785	8114
783	696	2785	8114
696	808	2657	820
808	696	2657	820
696	861	2684	1028
861	696	2684	1028
697	920	2560	2225
920	697	2560	2225
699	724	2599	373
724	699	2599	373
699	742	2688	1933
742	699	2688	1933
699	765	2489	850
765	699	2489	850
699	992	2883	1466
992	699	2883	1466
699	994	2869	5353
994	699	2869	5353
701	720	3185	6224
720	701	3185	6224
702	855	2734	40
855	702	2734	40
703	757	2595	6746
757	703	2595	6746
704	717	2551	784
717	704	2551	784
704	759	3143	425
759	704	3143	425
704	762	2423	17
762	704	2423	17
704	813	2799	820
813	704	2799	820
704	832	2700	89
832	704	2700	89
704	966	2446	2116
966	704	2446	2116
705	822	2631	425
822	705	2631	425
705	980	2675	9
980	705	2675	9
706	713	2574	458
713	706	2574	458
706	723	2685	5002
723	706	2685	5002
706	920	2608	4240
920	706	2608	4240
708	896	2790	509
896	708	2790	509
708	941	3068	2705
941	708	3068	2705
708	991	3039	1220
991	708	3039	1220
709	993	2432	877
993	709	2432	877
710	735	2758	2330
735	710	2758	2330
710	798	3038	1972
798	710	3038	1972
710	838	2877	1781
838	710	2877	1781
710	958	3199	3712
958	710	3199	3712
711	997	3108	2005
997	711	3108	2005
712	748	2503	1241
748	712	2503	1241
712	816	3164	362
816	712	3164	362
713	883	2535	2501
883	713	2535	2501
713	895	2455	1921
895	713	2455	1921
713	920	3097	2834
920	713	3097	2834
714	945	3158	169
945	714	3158	169
714	952	2777	740
952	714	2777	740
715	756	3027	866
756	715	3027	866
715	870	2942	29
870	715	2942	29
715	937	2849	3033
937	715	2849	3033
715	951	2428	4160
951	715	2428	4160
716	752	2840	2020
752	716	2840	2020
716	972	2719	5321
972	716	2719	5321
717	745	2832	772
745	717	2832	772
717	759	2645	2105
759	717	2645	2105
717	813	2796	148
813	717	2796	148
717	966	2510	324
966	717	2510	324
718	729	2489	17
729	718	2489	17
719	733	2533	1170
733	719	2533	1170
719	874	2957	137
874	719	2957	137
720	778	2999	2834
778	720	2999	2834
720	900	2545	1700
900	720	2545	1700
721	777	3030	353
777	721	3030	353
722	742	2705	2122
742	722	2705	2122
722	777	2582	1058
777	722	2582	1058
722	793	2480	1765
793	722	2480	1765
724	742	2753	2186
742	724	2753	2186
725	811	3031	845
811	725	3031	845
725	872	3187	185
872	725	3187	185
725	882	2874	269
882	725	2874	269
725	954	3176	461
954	725	3176	461
726	788	2444	2097
788	726	2444	2097
726	843	2761	5737
843	726	2761	5737
726	903	3152	1682
903	726	3152	1682
726	936	2523	1642
936	726	2523	1642
727	847	3177	1781
847	727	3177	1781
727	907	2408	208
907	727	2408	208
728	729	2412	500
729	728	2412	500
728	896	2942	325
896	728	2942	325
728	904	3156	5
904	728	3156	5
729	904	2950	425
904	729	2950	425
730	779	2605	2125
779	730	2605	2125
730	819	3149	4936
819	730	3149	4936
730	923	2410	145
923	730	2410	145
731	750	2884	3202
750	731	2884	3202
731	760	2548	6266
760	731	2548	6266
731	892	2697	865
892	731	2697	865
732	744	2603	1908
744	732	2603	1908
732	915	2920	61
915	732	2920	61
733	736	2840	1460
736	733	2840	1460
733	874	2863	653
874	733	2863	653
733	886	2754	965
886	733	2754	965
734	794	2655	922
794	734	2655	922
734	942	2956	722
942	734	2956	722
734	944	3120	100
944	734	3120	100
735	795	2624	170
795	735	2624	170
735	798	2584	5354
798	735	2584	5354
737	758	2598	64
758	737	2598	64
737	777	2966	3492
777	737	2966	3492
737	793	2451	1229
793	737	2451	1229
737	829	2601	61
829	737	2601	61
737	864	2977	2465
864	737	2977	2465
738	739	2496	212
739	738	2496	212
738	943	2492	1490
943	738	2492	1490
738	990	2972	290
990	738	2972	290
739	819	2493	4210
819	739	2493	4210
739	990	2675	338
990	739	2675	338
740	836	3070	481
836	740	3070	481
740	871	2965	306
871	740	2965	306
740	947	2503	1873
947	740	2503	1873
740	999	2710	1053
999	740	2710	1053
741	806	2975	265
806	741	2975	265
741	959	3096	298
959	741	3096	298
742	994	2442	3250
994	742	2442	3250
744	852	2669	3562
852	744	2669	3562
744	881	2517	6154
881	744	2517	6154
745	759	2975	3485
759	745	2975	3485
745	764	3165	61
764	745	3165	61
746	859	3147	397
859	746	3147	397
746	903	2695	985
903	746	2695	985
746	936	3127	6385
936	746	3127	6385
747	761	2606	325
761	747	2606	325
747	776	2938	2545
776	747	2938	2545
748	848	2747	1306
848	748	2747	1306
748	955	2763	146
955	748	2763	146
749	765	2610	2169
765	749	2610	2169
749	835	2490	1421
835	749	2490	1421
749	967	2788	2161
967	749	2788	2161
750	817	2668	8185
817	750	2668	8185
750	983	3021	2753
983	750	3021	2753
751	844	2930	2833
844	751	2930	2833
752	771	2568	1640
771	752	2568	1640
752	972	2793	937
972	752	2793	937
753	998	2695	148
998	753	2695	148
754	849	2813	97
849	754	2813	97
754	944	3063	1237
944	754	3063	1237
754	946	2920	5321
946	754	2920	5321
754	961	2731	521
961	754	2731	521
755	770	3195	5065
770	755	3195	5065
757	865	2753	680
865	757	2753	680
757	902	3174	1460
902	757	3174	1460
758	793	2763	1325
793	758	2763	1325
758	820	3179	3737
820	758	3179	3737
758	829	2462	45
829	758	2462	45
759	762	3159	288
762	759	3159	288
759	832	2425	128
832	759	2425	128
760	828	2934	3050
828	760	2934	3050
760	940	2650	1165
940	760	2650	1165
761	776	2891	1640
776	761	2891	1640
761	851	2831	269
851	761	2831	269
762	772	2740	1285
772	762	2740	1285
762	813	3017	1069
813	762	3017	1069
762	832	2706	32
832	762	2706	32
762	860	2571	1625
860	762	2571	1625
762	879	3048	5297
879	762	3048	5297
763	828	2693	689
828	763	2693	689
764	966	2919	845
966	764	2919	845
765	992	3076	692
992	765	3076	692
766	783	2928	1033
783	766	2928	1033
766	791	2912	2080
791	766	2912	2080
766	816	2800	1665
816	766	2800	1665
767	859	2649	980
859	767	2649	980
769	883	2678	2125
883	769	2678	2125
769	956	2407	2225
956	769	2407	2225
770	993	2852	3730
993	770	2852	3730
771	964	2816	3145
964	771	2816	3145
771	972	3160	1805
972	771	3160	1805
772	795	2642	3380
795	772	2642	3380
772	879	2766	3034
879	772	2766	3034
774	857	3087	5480
857	774	3087	5480
775	879	2860	250
879	775	2860	250
776	878	2720	1061
878	776	2720	1061
777	793	3019	845
793	777	3019	845
778	900	2996	2458
900	778	2996	2458
778	901	2826	1700
901	778	2826	1700
779	923	2671	1300
923	779	2671	1300
779	946	2494	2237
946	779	2494	2237
780	823	2694	2213
823	780	2694	2213
780	831	2867	2509
831	780	2867	2509
781	789	2972	1352
789	781	2972	1352
782	890	2509	6154
890	782	2509	6154
782	973	2572	2452
973	782	2572	2452
783	914	3192	6724
914	783	3192	6724
784	973	2992	401
973	784	2992	401
785	958	2404	7225
958	785	2404	7225
786	872	2794	64
872	786	2794	64
786	882	2857	10
882	786	2857	10
787	807	3025	4932
807	787	3025	4932
787	916	2692	1908
916	787	2692	1908
787	931	3197	1444
931	787	3197	1444
787	977	2796	6740
977	787	2796	6740
788	810	2988	80
810	788	2988	80
788	826	2521	1972
826	788	2521	1972
788	843	2862	5914
843	788	2862	5914
788	903	2420	1733
903	788	2420	1733
789	938	2470	180
938	789	2470	180
789	978	2642	388
978	789	2642	388
790	796	3002	74
796	790	3002	74
790	877	3142	292
877	790	3142	292
791	805	3189	1769
805	791	3189	1769
791	816	3047	841
816	791	3047	841
791	841	2859	185
841	791	2859	185
791	845	3024	964
845	791	3024	964
791	984	2542	1168
984	791	2542	1168
791	988	2457	4633
988	791	2457	4633
792	839	2683	4525
839	792	2683	4525
794	840	3099	1229
840	794	3099	1229
794	906	2531	962
906	794	2531	962
796	844	2432	2165
844	796	2432	2165
796	877	2663	290
877	796	2663	290
796	930	3164	549
930	796	3164	549
797	943	2720	740
943	797	2720	740
797	969	2481	1901
969	797	2481	1901
798	873	3086	666
873	798	3086	666
799	922	2799	5300
922	799	2799	5300
799	941	3119	320
941	799	3119	320
801	852	2545	1640
852	801	2545	1640
801	861	2607	340
861	801	2607	340
801	921	3007	2285
921	801	3007	2285
803	869	2448	6362
869	803	2448	6362
804	888	2428	2113
888	804	2428	2113
804	889	3089	1700
889	804	3089	1700
805	841	2631	810
841	805	2631	810
805	848	2483	1741
848	805	2483	1741
805	955	2550	261
955	805	2550	261
805	988	2710	4394
988	805	2710	4394
806	831	2539	5684
831	806	2539	5684
806	898	3132	4329
898	806	3132	4329
806	905	2802	370
905	806	2802	370
806	959	2588	365
959	806	2588	365
807	901	2940	905
901	807	2940	905
807	922	2938	6340
922	807	2938	6340
808	914	3072	810
914	808	3072	810
809	836	3016	676
836	809	3016	676
809	871	2814	1845
871	809	2814	1845
809	953	2462	488
953	809	2462	488
809	970	3020	2221
970	809	3020	2221
810	826	2579	1684
826	810	2579	1684
810	903	2824	1237
903	810	2824	1237
811	872	2845	610
872	811	2845	610
811	930	3075	1985
930	811	3075	1985
811	954	2622	1762
954	811	2622	1762
811	1000	3096	7893
1000	811	3096	7893
812	825	2609	2377
825	812	2609	2377
812	889	2633	5501
889	812	2633	5501
812	997	3147	388
997	812	3147	388
813	860	2828	260
860	813	2828	260
813	966	2568	544
966	813	2568	544
814	823	3027	533
823	814	3027	533
814	962	3019	968
962	814	3019	968
815	1000	2713	170
1000	815	2713	170
816	841	2744	640
841	816	2744	640
819	925	2446	6002
925	819	2446	6002
821	938	2546	356
938	821	2546	356
821	948	2746	772
948	821	2746	772
821	978	2736	404
978	821	2736	404
822	893	3178	914
893	822	3178	914
822	980	2921	314
980	822	2921	314
823	831	2796	5204
831	823	2796	5204
823	869	3044	3394
869	823	3044	3394
823	962	3146	2601
962	823	3146	2601
824	919	2986	2610
919	824	2986	2610
824	995	2511	3016
995	824	2511	3016
825	830	2800	4292
830	825	2800	4292
827	858	2529	185
858	827	2529	185
828	865	3004	3946
865	828	3004	3946
828	885	3133	1312
885	828	3133	1312
830	926	2599	1305
926	830	2599	1305
830	960	3017	1066
960	830	3017	1066
831	935	3114	3677
935	831	3114	3677
833	854	3000	404
854	833	3000	404
833	876	3092	2117
876	833	3092	2117
833	913	2504	373
913	833	2504	373
834	977	2936	4394
977	834	2936	4394
835	934	2911	410
934	835	2911	410
836	871	2425	877
871	836	2425	877
836	953	2766	148
953	836	2766	148
838	934	2804	7069
934	838	2804	7069
838	967	2724	6697
967	838	2724	6697
840	906	3189	1997
906	840	3189	1997
842	962	2522	2890
962	842	2522	2890
842	975	2714	634
975	842	2714	634
843	863	2965	500
863	843	2965	500
843	888	3171	416
888	843	3171	416
844	877	3042	3497
877	844	3042	3497
844	930	2636	1586
930	844	2636	1586
845	984	2427	20
984	845	2427	20
846	909	2966	637
909	846	2966	637
846	990	2671	1445
990	846	2671	1445
847	892	2697	4168
892	847	2697	4168
847	940	3125	970
940	847	3125	970
848	955	3131	772
955	848	3131	772
848	963	2663	1885
963	848	2663	1885
848	988	2883	4981
988	848	2883	4981
849	961	3186	580
961	849	3186	580
850	880	3160	157
880	850	3160	157
850	923	3076	3757
923	850	3076	3757
852	932	3145	800
932	852	3145	800
853	856	2660	520
856	853	2660	520
854	913	2948	85
913	854	2948	85
857	885	3130	808
885	857	3130	808
857	940	2794	901
940	857	2794	901
859	956	2803	7272
956	859	2803	7272
862	876	3027	365
876	862	3027	365
862	957	3173	865
957	862	3173	865
863	888	2444	196
888	863	2444	196
865	902	3030	900
902	865	3030	900
866	877	2632	2909
877	866	2632	2909
866	887	2657	3060
887	866	2657	3060
867	918	2581	290
918	867	2581	290
869	962	2504	3721
962	869	2504	3721
869	985	3103	8473
985	869	3103	8473
871	970	2481	1060
970	871	2481	1060
872	882	2849	90
882	872	2849	90
873	879	2529	5096
879	873	2529	5096
873	881	2860	5801
881	873	2860	5801
875	948	2886	2466
948	875	2886	2466
875	982	2501	661
982	875	2501	661
875	985	3138	1229
985	875	3138	1229
875	986	2662	136
986	875	2662	136
876	926	2873	1184
926	876	2873	1184
878	953	2916	3393
953	878	2916	3393
881	908	2833	4258
908	881	2833	4258
882	884	2593	4045
884	882	2593	4045
882	954	2716	1370
954	882	2716	1370
883	895	3040	1394
895	883	3040	1394
883	920	2870	229
920	883	2870	229
885	940	3077	425
940	885	3077	425
890	921	2751	625
921	890	2751	625
893	910	3034	8077
910	893	3034	8077
893	957	2647	1025
957	893	2647	1025
893	968	2579	2161
968	893	2579	2161
893	980	2416	1908
980	893	2416	1908
896	904	2999	388
904	896	2999	388
896	939	2781	661
939	896	2781	661
896	987	2677	410
987	896	2677	410
897	909	3111	125
909	897	3111	125
899	911	2461	200
911	899	2461	200
899	912	2450	250
912	899	2450	250
900	974	2769	1154
974	900	2769	1154
904	939	2856	433
939	904	2856	433
905	959	2678	281
959	905	2678	281
906	942	2762	130
942	906	2762	130
908	915	3107	5929
915	908	3107	5929
908	933	3124	808
933	908	3124	808
911	912	3059	850
912	911	3059	850
913	957	2746	4162
957	913	2746	4162
914	921	2419	3893
921	914	2419	3893
915	973	3023	2741
973	915	3023	2741
916	922	2559	5044
922	916	2559	5044
917	941	2915	3060
941	917	2915	3060
917	975	3191	100
975	917	3191	100
918	996	2800	2314
996	918	2800	2314
922	975	2929	8420
975	922	2929	8420
924	994	3007	4513
994	924	3007	4513
925	971	2907	1513
971	925	2907	1513
925	998	3044	2853
998	925	3044	2853
926	960	3094	2305
960	926	3094	2305
926	977	2445	3637
977	926	2445	3637
927	971	2687	3074
971	927	2687	3074
933	994	3163	6304
994	933	3163	6304
934	967	3142	290
967	934	3142	290
937	951	2921	1481
951	937	2921	1481
938	978	2836	160
978	938	2836	160
938	986	3109	1970
986	938	3109	1970
939	987	3184	725
987	939	3184	725
943	969	2460	1237
969	943	2460	1237
945	952	3146	1277
952	945	3146	1277
947	953	3124	1952
953	947	3124	1952
947	999	2776	2152
999	947	2776	2152
950	983	2742	2529
983	950	2742	2529
950	991	3047	3065
991	950	3047	3065
952	964	3092	4274
964	952	3092	4274
957	968	2967	1552
968	957	2967	1552
958	979	3068	7281
979	958	3068	7281
960	977	2675	2106
977	960	2675	2106
960	997	2652	4329
997	960	2652	4329
963	988	3052	3924
988	963	3052	3924
965	985	2730	746
985	965	2730	746
970	981	3128	5777
981	970	3128	5777
979	983	2873	5989
983	979	2873	5989
981	996	2903	7621
996	981	2903	7621
981	999	2771	1544
999	981	2771	1544
982	985	2995	2410
985	982	2995	2410
983	991	2644	8720
991	983	2644	8720
984	988	2963	4361
988	984	2963	4361
985	986	2504	905
986	985	2504	905
