1	361	1325	2074
361	1	1325	2074
1	376	1573	1156
376	1	1573	1156
1	450	1407	109
450	1	1407	109
1	499	1490	1732
499	1	1490	1732
2	166	1449	712
166	2	1449	712
2	252	1205	2888
252	2	1205	2888
2	257	1020	5008
257	2	1020	5008
2	353	1052	592
353	2	1052	592
2	389	907	725
389	2	907	725
3	174	1519	761
174	3	1519	761
3	292	1535	562
292	3	1535	562
3	406	1181	281
406	3	1181	281
3	424	871	241
424	3	871	241
4	391	1133	265
391	4	1133	265
4	432	1375	97
432	4	1375	97
5	396	912	149
396	5	912	149
5	451	1007	360
451	5	1007	360
5	483	1125	941
483	5	1125	941
6	339	1225	1157
339	6	1225	1157
6	459	1075	593
459	6	1075	593
6	482	1552	1901
482	6	1552	1901
7	72	1581	549
72	7	1581	549
7	145	1576	37
145	7	1576	37
7	366	1312	260
366	7	1312	260
8	293	1069	3445
293	8	1069	3445
8	306	962	545
306	8	962	545
8	358	1180	488
358	8	1180	488
8	398	1195	698
398	8	1195	698
8	430	1042	2665
430	8	1042	2665
8	497	1137	425
497	8	1137	425
9	223	985	637
223	9	985	637
9	240	908	845
240	9	908	845
9	360	901	1192
360	9	901	1192
9	474	1383	1825
474	9	1383	1825
9	485	941	2533
485	9	941	2533
10	49	1374	466
49	10	1374	466
10	315	1047	145
315	10	1047	145
10	480	1002	484
480	10	1002	484
11	64	1435	676
64	11	1435	676
11	127	889	377
127	11	889	377
11	417	1442	1586
417	11	1442	1586
11	463	1056	1480
463	11	1056	1480
12	300	1536	5300
300	12	1536	5300
12	438	967	1882
438	12	967	1882
12	441	1357	1225
441	12	1357	1225
13	65	872	153
65	13	872	153
13	319	1032	2509
319	13	1032	2509
13	496	831	6890
496	13	831	6890
14	186	1437	3625
186	14	1437	3625
14	307	1402	7625
307	14	1402	7625
14	355	823	5364
355	14	823	5364
15	61	1261	530
61	15	1261	530
15	204	864	1576
204	15	864	1576
15	338	1521	1444
338	15	1521	1444
15	339	1450	3205
339	15	1450	3205
15	438	1256	1010
438	15	1256	1010
15	459	1204	2041
459	15	1204	2041
16	265	922	505
265	16	922	505
16	319	1540	145
319	16	1540	145
16	354	982	1780
354	16	982	1780
17	148	885	338
148	17	885	338
17	179	1291	196
179	17	1291	196
17	407	1528	1237
407	17	1528	1237
17	467	896	1114
467	17	896	1114
17	491	1514	1154
491	17	1514	1154
18	100	1040	841
100	18	1040	841
18	317	849	2245
317	18	849	2245
18	377	906	14724
377	18	906	14724
18	404	1183	2452
404	18	1183	2452
19	198	869	3314
198	19	869	3314
19	307	1163	1697
307	19	1163	1697
19	394	1449	6497
394	19	1449	6497
20	87	1555	1037
87	20	1555	1037
20	326	1032	985
326	20	1032	985
20	472	1387	234
472	20	1387	234
21	249	1567	3721
249	21	1567	3721
21	253	1491	1469
253	21	1491	1469
21	368	1179	661
368	21	1179	661
21	405	1116	2788
405	21	1116	2788
22	184	1439	424
184	22	1439	424
22	424	808	3389
424	22	808	3389
22	479	1261	5381
479	22	1261	5381
22	490	1409	2401
490	22	1409	2401
23	326	1268	3281
326	23	1268	3281
23	382	1331	725
382	23	1331	725
23	460	1559	1377
460	23	1559	1377
23	461	1100	5
461	23	1100	5
23	464	1575	3250
464	23	1575	3250
23	495	818	1130
495	23	818	1130
24	219	1115	433
219	24	1115	433
24	359	836	2056
359	24	836	2056
24	413	1590	185
413	24	1590	185
24	474	1339	2057
474	24	1339	2057
25	262	1450	3730
262	25	1450	3730
25	278	981	2768
278	25	981	2768
25	480	811	125
480	25	811	125
26	68	1267	449
68	26	1267	449
26	227	1234	1325
227	26	1234	1325
26	267	802	1125
267	26	802	1125
26	301	1200	2450
301	26	1200	2450
26	388	1283	901
388	26	1283	901
26	427	1581	1341
427	26	1581	1341
26	437	1074	1962
437	26	1074	1962
27	195	1505	74
195	27	1505	74
27	341	1542	1636
341	27	1542	1636
27	397	1253	3385
397	27	1253	3385
28	227	1503	370
227	28	1503	370
28	267	1162	1040
267	28	1162	1040
28	297	1191	153
297	28	1191	153
29	120	1448	2192
120	29	1448	2192
29	452	1540	4810
452	29	1540	4810
29	454	1279	2450
454	29	1279	2450
29	469	1413	5072
469	29	1413	5072
30	89	1031	85
89	30	1031	85
30	320	1541	1124
320	30	1541	1124
30	359	946	1360
359	30	946	1360
30	367	1565	545
367	30	1565	545
30	413	1106	1181
413	30	1106	1181
31	103	882	722
103	31	882	722
31	228	1178	64
228	31	1178	64
31	409	1598	3332
409	31	1598	3332
32	249	1385	1597
249	32	1385	1597
32	270	1170	832
270	32	1170	832
32	332	1137	250
332	32	1137	250
32	352	1110	72
352	32	1110	72
32	368	846	1105
368	32	846	1105
33	448	1546	401
448	33	1546	401
33	460	1330	557
460	33	1330	557
34	198	1040	292
198	34	1040	292
34	225	1130	125
225	34	1130	125
34	307	1447	425
307	34	1447	425
35	73	844	1613
73	35	844	1613
35	394	1550	2789
394	35	1550	2789
36	305	1185	328
305	36	1185	328
36	465	1010	773
465	36	1010	773
36	486	903	1282
486	36	903	1282
36	493	1278	125
493	36	1278	125
37	153	804	289
153	37	804	289
37	384	876	2386
384	37	876	2386
37	473	1010	1405
473	37	1010	1405
37	481	1154	3077
481	37	1154	3077
38	107	1546	457
107	38	1546	457
38	331	1189	845
331	38	1189	845
38	340	1566	2020
340	38	1566	2020
38	470	1118	578
470	38	1118	578
39	105	1112	1165
105	39	1112	1165
39	301	1554	2581
301	39	1554	2581
39	324	822	1237
324	39	822	1237
39	388	957	4682
388	39	957	4682
39	414	848	1445
414	39	848	1445
40	195	927	601
195	40	927	601
40	278	851	2097
278	40	851	2097
40	312	803	925
312	40	803	925
40	336	856	937
336	40	856	937
40	341	821	3233
341	40	821	3233
41	124	818	425
124	41	818	425
41	385	1281	3428
385	41	1281	3428
41	420	1583	2549
420	41	1583	2549
41	453	1195	877
453	41	1195	877
42	274	1008	937
274	42	1008	937
42	280	1288	3049
280	42	1288	3049
42	411	1566	1777
411	42	1566	1777
42	448	1205	1906
448	42	1205	1906
42	489	1501	2084
489	42	1501	2084
43	314	1358	23409
314	43	1358	23409
43	378	1406	533
378	43	1406	533
43	419	1390	6521
419	43	1390	6521
43	443	1366	16
443	43	1366	16
43	456	1011	3793
456	43	1011	3793
44	108	1242	25
108	44	1242	25
44	202	1069	929
202	44	1069	929
44	220	1442	1354
220	44	1442	1354
44	426	1249	185
426	44	1249	185
45	421	1017	801
421	45	1017	801
45	448	1127	225
448	45	1127	225
45	460	1392	1521
460	45	1392	1521
45	481	1365	1300
481	45	1365	1300
46	253	1183	697
253	46	1183	697
46	368	1157	7281
368	46	1157	7281
46	492	1295	1097
492	46	1295	1097
46	499	1269	4122
499	46	1269	4122
47	333	1148	2545
333	47	1148	2545
47	397	1141	130
397	47	1141	130
47	402	854	8450
402	47	854	8450
48	205	869	530
205	48	869	530
48	263	1121	1250
263	48	1121	1250
48	270	1442	1508
270	48	1442	1508
48	332	903	2690
332	48	903	2690
48	368	1311	5045
368	48	1311	5045
48	453	1442	4240
453	48	1442	4240
49	134	881	605
134	49	881	605
49	315	1073	1105
315	49	1073	1105
49	480	1239	1170
480	49	1239	1170
50	165	1059	2045
165	50	1059	2045
50	250	1074	5140
250	50	1074	5140
50	360	1509	4658
360	50	1509	4658
50	444	859	2509
444	50	859	2509
50	485	1243	1017
485	50	1243	1017
51	326	807	625
326	51	807	625
51	495	891	3016
495	51	891	3016
52	98	1364	212
98	52	1364	212
52	285	1002	1466
285	52	1002	1466
52	300	1424	3386
300	52	1424	3386
52	373	1065	1205
373	52	1065	1205
52	392	1321	585
392	52	1321	585
53	188	1478	788
188	53	1478	788
53	328	1390	3194
328	53	1390	3194
53	330	923	4868
330	53	923	4868
53	386	1572	1845
386	53	1572	1845
53	458	995	2405
458	53	995	2405
53	494	1033	2165
494	53	1033	2165
54	153	1041	45
153	54	1041	45
54	251	1042	4034
251	54	1042	4034
54	473	1241	3089
473	54	1241	3089
54	481	1204	1105
481	54	1204	1105
55	356	921	4250
356	55	921	4250
55	357	1408	1828
357	55	1408	1828
55	409	1452	370
409	55	1452	370
55	500	860	362
500	55	860	362
56	253	1534	26
253	56	1534	26
56	405	1431	901
405	56	1431	901
57	377	1077	22385
377	57	1077	22385
57	404	1326	221
404	57	1326	221
58	165	1430	1217
165	58	1430	1217
58	190	1300	2389
190	58	1300	2389
58	218	1397	842
218	58	1397	842
58	224	1424	578
224	58	1424	578
58	283	1481	4896
283	58	1481	4896
58	477	980	5188
477	58	980	5188
59	223	970	5648
223	59	970	5648
59	291	831	3797
291	59	831	3797
59	299	952	845
299	59	952	845
59	308	935	1412
308	59	935	1412
59	359	991	4625
359	59	991	4625
59	375	1456	725
375	59	1456	725
60	186	1560	585
186	60	1560	585
60	238	1190	3770
238	60	1190	3770
60	389	1021	1314
389	60	1021	1314
60	394	992	2045
394	60	992	2045
61	339	1400	2125
339	61	1400	2125
61	438	1531	232
438	61	1531	232
62	325	1175	1274
325	62	1175	1274
62	433	1243	509
433	62	1243	509
63	214	1010	2273
214	63	1010	2273
63	272	1187	1873
272	63	1187	1873
63	329	839	3364
329	63	839	3364
63	335	1374	5162
335	63	1374	5162
63	380	1062	50
380	63	1062	50
64	127	804	1241
127	64	804	1241
64	206	1195	1105
206	64	1195	1105
64	271	1078	2858
271	64	1078	2858
64	417	1133	2474
417	64	1133	2474
65	319	1049	3880
319	65	1049	3880
65	432	820	2069
432	65	820	2069
65	496	1431	5729
496	65	1431	5729
66	158	1456	724
158	66	1456	724
66	254	1448	4549
254	66	1448	4549
66	415	1245	914
415	66	1245	914
66	431	1202	1930
431	66	1202	1930
66	436	1105	937
436	66	1105	937
67	150	1023	197
150	67	1023	197
67	384	1336	2628
384	67	1336	2628
67	393	1205	2180
393	67	1205	2180
67	400	895	5498
400	67	895	5498
67	455	1097	3170
455	67	1097	3170
67	498	1394	6649
498	67	1394	6649
68	267	855	338
267	68	855	338
68	427	1286	530
427	68	1286	530
69	171	1453	557
171	69	1453	557
69	308	1415	1765
308	69	1415	1765
69	375	1120	530
375	69	1120	530
69	486	1139	565
486	69	1139	565
70	112	1407	149
112	70	1407	149
70	224	826	2962
224	70	826	2962
70	397	1221	1017
397	70	1221	1017
70	477	1230	1460
477	70	1230	1460
71	179	996	1354
179	71	996	1354
71	199	929	289
199	71	929	289
71	322	881	4100
322	71	881	4100
71	420	1562	1525
420	71	1562	1525
72	145	1020	832
145	72	1020	832
72	366	1371	941
366	72	1371	941
72	407	1075	872
407	72	1075	872
72	440	1193	3329
440	72	1193	3329
72	491	1148	689
491	72	1148	689
73	138	1476	521
138	73	1476	521
73	311	1471	6849
311	73	1471	6849
73	315	807	6530
315	73	807	6530
73	394	1238	8644
394	73	1238	8644
74	344	942	2042
344	74	942	2042
74	396	1131	769
396	74	1131	769
74	490	1544	277
490	74	1544	277
75	234	1063	324
234	75	1063	324
75	363	1166	389
363	75	1166	389
75	410	1446	6053
410	75	1446	6053
75	465	1143	4225
465	75	1143	4225
76	393	1200	466
393	76	1200	466
76	455	867	2336
455	76	867	2336
77	123	1087	136
123	77	1087	136
77	317	872	2257
317	77	872	2257
77	404	1078	2050
404	77	1078	2050
78	242	903	673
242	78	903	673
78	328	1135	386
328	78	1135	386
78	330	1132	1744
330	78	1132	1744
78	439	944	1042
439	78	944	1042
78	447	1524	788
447	78	1524	788
78	457	1375	2258
457	78	1375	2258
79	258	1599	4000
258	79	1599	4000
79	347	1330	2617
347	79	1330	2617
79	369	1372	505
369	79	1372	505
79	399	1131	1721
399	79	1131	1721
80	158	1382	865
158	80	1382	865
80	250	1189	1586
250	80	1189	1586
80	317	1476	11986
317	80	1476	11986
81	254	803	1025
254	81	803	1025
81	317	1483	4357
317	81	1483	4357
82	208	1085	596
208	82	1085	596
82	285	1125	5525
285	82	1125	5525
82	371	1496	3365
371	82	1496	3365
82	441	1009	1930
441	82	1009	1930
82	452	1401	1850
452	82	1401	1850
82	454	904	2522
454	82	904	2522
82	487	1306	6205
487	82	1306	6205
83	143	1437	493
143	83	1437	493
83	175	1152	2258
175	83	1152	2258
83	319	1357	2837
319	83	1357	2837
83	445	850	1525
445	83	850	1525
83	496	1594	6914
496	83	1594	6914
84	148	965	520
148	84	965	520
84	322	1346	340
322	84	1346	340
84	407	1393	929
407	84	1393	929
85	349	827	2152
349	85	827	2152
85	355	1410	6005
355	85	1410	6005
85	391	1401	2890
391	85	1401	2890
86	193	975	122
193	86	975	122
86	231	1045	865
231	86	1045	865
86	241	1059	689
241	86	1059	689
86	435	922	274
435	86	922	274
86	457	1490	1274
457	86	1490	1274
87	326	1093	3530
326	87	1093	3530
87	403	1430	10322
403	87	1430	10322
87	472	906	2225
472	87	906	2225
87	484	905	17984
484	87	905	17984
87	495	1357	5197
495	87	1357	5197
88	334	824	466
334	88	824	466
88	349	1080	208
349	88	1080	208
88	355	1190	337
355	88	1190	337
88	417	849	962
417	88	849	962
89	367	993	676
367	89	993	676
89	413	1521	730
413	89	1521	730
90	180	1329	925
180	90	1329	925
90	227	1467	2210
227	90	1467	2210
90	423	1440	261
423	90	1440	261
90	437	821	461
437	90	821	461
90	476	1200	5050
476	90	1200	5050
91	190	896	1076
190	91	896	1076
91	283	1316	1229
283	91	1316	1229
91	288	885	970
288	91	885	970
91	400	884	1874
400	91	884	1874
91	498	819	2477
498	91	819	2477
92	213	1291	549
213	92	1291	549
92	271	837	3866
271	92	837	3866
92	335	1187	9
335	92	1187	9
93	131	1533	965
131	93	1533	965
93	176	1371	2269
176	93	1371	2269
93	399	1303	1492
399	93	1303	1492
94	353	1152	116
353	94	1152	116
94	389	819	313
389	94	819	313
94	394	1442	1690
394	94	1442	1690
95	134	1547	961
134	95	1547	961
95	166	1525	1873
166	95	1525	1873
95	315	964	5141
315	95	964	5141
95	394	1309	2153
394	95	1309	2153
96	261	1140	106
261	96	1140	106
96	439	1160	452
439	96	1160	452
96	447	995	234
447	96	995	234
97	125	1410	325
125	97	1410	325
97	196	1430	1274
196	97	1430	1274
97	290	939	1600
290	97	939	1600
97	379	1208	4441
379	97	1208	4441
97	425	980	1613
425	97	980	1613
98	285	896	666
285	98	896	666
98	373	1372	521
373	98	1372	521
98	392	1060	149
392	98	1060	149
99	104	1235	241
104	99	1235	241
99	227	1255	1268
227	99	1255	1268
99	267	1260	2626
267	99	1260	2626
99	269	1509	1205
269	99	1509	1205
99	297	1557	85
297	99	1557	85
99	476	1597	7604
476	99	1597	7604
100	317	1192	340
317	100	1192	340
100	377	867	19609
377	100	867	19609
100	387	1052	3989
387	100	1052	3989
101	305	1425	5288
305	101	1425	5288
101	377	861	2842
377	101	861	2842
101	387	845	1138
387	101	845	1138
101	444	1455	7922
444	101	1455	7922
102	137	1077	50
137	102	1077	50
102	144	1154	1325
144	102	1154	1325
102	246	1470	1
246	102	1470	1
102	284	1362	1525
284	102	1362	1525
102	416	1202	1258
416	102	1202	1258
102	475	813	1381
475	102	813	1381
103	123	1536	1241
123	103	1536	1241
103	228	956	1090
228	103	956	1090
103	404	962	6705
404	103	962	6705
103	409	1026	2458
409	103	1026	2458
104	249	883	2005
249	104	883	2005
104	267	808	2609
267	104	808	2609
104	279	1446	1777
279	104	1446	1777
104	405	1329	3802
405	104	1329	3802
105	271	1156	5954
271	105	1156	5954
105	324	1128	106
324	105	1128	106
105	414	1155	1300
414	105	1155	1300
106	114	999	481
114	106	999	481
106	135	1342	362
135	106	1342	362
106	247	1041	125
247	106	1041	125
106	292	1249	6084
292	106	1249	6084
106	300	1306	3037
300	106	1306	3037
106	483	1540	809
483	106	1540	809
106	490	1051	4765
490	106	1051	4765
107	295	1019	200
295	107	1019	200
107	302	1192	725
302	107	1192	725
107	318	860	562
318	107	860	562
107	331	1095	226
331	107	1095	226
107	470	1268	1885
470	107	1268	1885
108	202	979	724
202	108	979	724
108	220	1296	1629
220	108	1296	1629
108	389	1332	4010
389	108	1332	4010
109	210	866	776
210	109	866	776
109	255	1043	890
255	109	1043	890
109	403	1089	1609
403	109	1089	1609
109	484	1260	1021
484	109	1260	1021
110	245	962	1640
245	110	962	1640
110	286	1266	650
286	110	1266	650
110	311	1411	2245
311	110	1411	2245
111	229	1135	592
229	111	1135	592
111	277	1333	569
277	111	1333	569
111	362	1009	436
362	111	1009	436
111	459	1080	548
459	111	1080	548
111	482	1253	722
482	111	1253	722
112	224	924	2357
224	112	924	2357
112	360	1411	8361
360	112	1411	8361
112	397	1562	1352
397	112	1562	1352
113	142	1496	1825
142	113	1496	1825
113	280	1477	1553
280	113	1477	1553
113	361	960	313
361	113	960	313
113	370	940	585
370	113	940	585
113	492	1486	5904
492	113	1486	5904
113	499	1515	2393
499	113	1515	2393
114	135	1335	305
135	114	1335	305
114	346	1527	90
346	114	1527	90
114	483	1349	244
483	114	1349	244
115	204	1149	706
204	115	1149	706
115	259	879	1250
259	115	879	1250
115	264	994	865
264	115	994	865
116	198	1044	218
198	116	1044	218
116	307	1000	113
307	116	1000	113
117	259	1482	857
259	117	1482	857
117	300	1293	3845
300	117	1293	3845
117	438	1447	2701
438	117	1447	2701
118	154	1286	1714
154	118	1286	1714
118	276	1457	170
276	118	1457	170
118	390	1243	1445
390	118	1243	1445
118	481	1154	493
481	118	1154	493
119	161	1181	626
161	119	1181	626
119	217	965	2960
217	119	965	2960
119	226	1463	1129
226	119	1463	1129
119	258	984	936
258	119	984	936
119	368	1291	14633
368	119	1291	14633
120	371	1391	6305
371	120	1391	6305
120	454	1121	2682
454	120	1121	2682
120	469	1356	1600
469	120	1356	1600
121	212	1336	936
212	121	1336	936
121	282	1214	1082
282	121	1214	1082
121	376	1570	6925
376	121	1570	6925
121	472	1314	3501
472	121	1314	3501
122	232	1519	1765
232	122	1519	1765
122	329	979	610
329	122	979	610
122	380	1160	1268
380	122	1160	1268
122	411	1176	5085
411	122	1176	5085
123	139	1243	1649
139	123	1243	1649
123	233	1520	1352
233	123	1520	1352
123	317	1083	2045
317	123	1083	2045
123	364	1578	4274
364	123	1578	4274
123	409	1262	5713
409	123	1262	5713
123	442	820	2549
442	123	820	2549
124	294	944	1625
294	124	944	1625
124	385	898	1521
385	124	898	1521
124	453	1328	2500
453	124	1328	2500
125	196	886	1417
196	125	886	1417
125	425	1517	802
425	125	1517	802
126	154	1421	613
154	126	1421	613
126	356	1031	1370
356	126	1031	1370
126	500	1207	4346
500	126	1207	4346
127	271	1372	1305
271	127	1372	1305
127	463	1435	709
463	127	1435	709
128	159	1486	797
159	128	1486	797
128	169	1372	305
169	128	1372	305
128	463	844	441
463	128	844	441
129	206	1218	565
206	129	1218	565
129	334	1145	72
334	129	1145	72
129	355	1427	185
355	129	1427	185
129	471	816	530
471	129	816	530
130	232	903	1657
232	130	903	1657
130	421	1026	218
421	130	1026	218
130	448	941	1808
448	130	941	1808
130	481	1000	1037
481	130	1000	1037
131	161	1392	578
161	131	1392	578
131	176	1410	290
176	131	1410	290
131	258	1357	1440
258	131	1357	1440
131	369	1179	2169
369	131	1179	2169
131	399	1489	4409
399	131	1489	4409
132	368	1300	1469
368	132	1300	1469
132	420	1406	802
420	132	1406	802
132	453	1295	4234
453	132	1295	4234
133	168	839	250
168	133	839	250
133	207	1105	170
207	133	1105	170
133	210	1359	2405
210	133	1359	2405
133	228	1456	3145
228	133	1456	3145
133	235	1028	800
235	133	1028	800
133	357	1436	1921
357	133	1436	1921
133	409	1081	481
409	133	1081	481
134	257	926	6714
257	134	926	6714
134	315	848	3250
315	134	848	3250
134	480	870	3293
480	134	870	3293
135	247	1281	97
247	135	1281	97
135	300	1194	2873
300	135	1194	2873
135	346	1270	677
346	135	1270	677
135	476	1578	2722
476	135	1578	2722
136	280	919	810
280	136	919	810
136	303	979	925
303	136	979	925
136	448	925	2557
448	136	925	2557
136	460	884	4045
460	136	884	4045
136	464	949	2834
464	136	949	2834
137	246	1050	53
246	137	1050	53
137	262	855	2402
262	137	855	2402
137	284	817	1373
284	137	817	1373
137	468	969	2426
468	137	969	2426
138	245	1145	485
245	138	1145	485
138	311	911	6410
311	138	911	6410
138	315	956	8325
315	138	956	8325
139	233	1367	125
233	139	1367	125
139	409	1251	1850
409	139	1251	1850
140	162	982	1241
162	140	982	1241
140	286	1022	3538
286	140	1022	3538
140	310	1517	2281
310	140	1517	2281
140	316	1528	178
316	140	1528	178
140	400	1408	2025
400	140	1408	2025
140	455	904	1989
455	140	904	1989
140	477	1015	4450
477	140	1015	4450
141	291	1152	11981
291	141	1152	11981
141	320	1385	225
320	141	1385	225
141	359	1383	925
359	141	1383	925
142	280	932	578
280	142	932	578
142	340	1551	4240
340	142	1551	4240
142	489	899	2581
489	142	899	2581
142	492	1243	5689
492	142	1243	5689
143	319	841	5338
319	143	841	5338
143	445	1499	292
445	143	1499	292
144	155	1002	265
155	144	1002	265
144	284	1236	500
284	144	1236	500
144	475	1416	802
475	144	1416	802
145	366	1568	365
366	145	1568	365
145	399	1570	6445
399	145	1570	6445
145	440	968	7025
440	145	968	7025
146	201	1162	1088
201	146	1162	1088
146	244	1383	34
244	146	1383	34
146	273	947	2980
273	146	947	2980
146	337	803	410
337	146	803	410
147	232	1053	629
232	147	1053	629
147	329	1576	1268
329	147	1576	1268
147	374	1430	2930
374	147	1430	2930
147	384	1237	1898
384	147	1237	1898
147	481	861	4721
481	147	861	4721
148	179	1105	1010
179	148	1105	1010
148	407	982	293
407	148	982	293
149	411	1427	613
411	149	1427	613
149	470	947	3185
470	149	947	3185
150	374	1018	1297
374	150	1018	1297
150	384	1538	2225
384	150	1538	2225
150	393	1357	1489
393	150	1357	1489
151	251	1281	2105
251	151	1281	2105
151	418	1331	1097
418	151	1331	1097
151	431	1490	3293
431	151	1490	3293
151	478	1302	722
478	151	1302	722
151	500	1079	1690
500	151	1079	1690
152	264	1298	674
264	152	1298	674
152	434	1119	225
434	152	1119	225
153	473	1470	2708
473	153	1470	2708
153	481	1224	1480
481	153	1224	1480
154	251	954	1640
251	154	954	1640
154	356	1346	2245
356	154	1346	2245
154	390	1110	701
390	154	1110	701
154	481	848	3809
481	154	848	3809
154	500	1388	7933
500	154	1388	7933
155	177	1390	7922
177	155	1390	7922
155	256	1534	5938
256	155	1534	5938
155	284	1448	1205
284	155	1448	1205
155	475	851	981
475	155	851	981
155	480	1290	8273
480	155	1290	8273
156	340	1157	6736
340	156	1157	6736
156	405	1119	1096
405	156	1119	1096
156	492	936	9
492	156	936	9
157	262	1281	1066
262	157	1281	1066
157	293	1408	2074
293	157	1408	2074
157	336	1063	2482
336	157	1063	2482
157	358	1545	5513
358	157	1545	5513
157	381	1594	365
381	157	1594	365
157	468	1203	850
468	157	1203	850
158	182	1369	261
182	158	1369	261
158	254	1280	8333
254	158	1280	8333
158	283	1053	2801
283	158	1053	2801
158	317	1239	16837
317	158	1239	16837
158	436	1026	1937
436	158	1026	1937
159	169	1164	1114
169	159	1164	1114
159	327	1243	1480
327	159	1243	1480
159	349	1401	4996
349	159	1401	4996
159	391	1539	6170
391	159	1539	6170
159	417	1151	2810
417	159	1151	2810
159	463	1028	1700
463	159	1028	1700
160	185	1343	1557
185	160	1343	1557
160	192	1144	1088
192	160	1144	1088
160	206	899	466
206	160	899	466
160	213	997	340
213	160	997	340
160	335	1128	1492
335	160	1128	1492
160	471	1373	137
471	160	1373	137
161	176	1489	52
176	161	1489	52
161	258	1001	1202
258	161	1001	1202
161	368	1593	11285
368	161	1593	11285
162	225	963	729
225	162	963	729
162	311	1162	580
311	162	1162	580
162	316	1570	725
316	162	1570	725
162	455	1322	194
455	162	1322	194
163	200	1270	585
200	163	1270	585
163	293	946	1093
293	163	946	1093
163	378	1171	8020
378	163	1171	8020
163	429	1100	1669
429	163	1100	1669
163	456	1372	1732
456	163	1372	1732
163	468	1249	3845
468	163	1249	3845
164	283	899	292
283	164	899	292
164	323	1514	676
323	164	1514	676
164	412	1430	610
412	164	1430	610
164	415	1301	125
415	164	1301	125
164	436	1356	130
436	164	1356	130
165	170	1398	1413
170	165	1398	1413
165	182	1293	505
182	165	1293	505
165	250	900	6625
250	165	900	6625
165	360	915	10057
360	165	915	10057
166	257	1164	2440
257	166	1164	2440
166	353	902	104
353	166	902	104
166	394	1165	3802
394	166	1165	3802
167	220	920	194
220	167	920	194
167	238	1130	1445
238	167	1130	1445
167	389	1486	3725
389	167	1486	3725
167	446	1351	1325
446	167	1351	1325
168	207	1419	100
207	168	1419	100
168	255	1293	481
255	168	1293	481
168	403	1325	416
403	168	1325	416
169	327	1195	170
327	169	1195	170
169	434	991	4562
434	169	991	4562
169	449	1433	3250
449	169	1433	3250
169	463	1038	1418
463	169	1038	1418
170	218	1102	26
218	170	1102	26
170	224	1047	514
224	170	1047	514
170	360	822	6100
360	170	822	6100
171	305	985	530
305	171	985	530
171	308	1598	3460
308	171	1598	3460
171	444	983	6500
444	171	983	6500
171	486	1217	164
486	171	1217	164
172	350	963	2665
350	172	963	2665
172	438	1572	5729
438	172	1572	5729
172	441	1349	2644
441	172	1349	2644
172	452	1202	980
452	172	1202	980
172	458	1552	1469
458	172	1552	1469
173	230	1544	1130
230	173	1544	1130
173	395	1423	409
395	173	1423	409
173	445	1558	2809
445	173	1558	2809
174	294	1302	102401
294	174	1302	102401
174	371	1059	13652
371	174	1059	13652
174	406	1157	592
406	174	1157	592
174	424	949	592
424	174	949	592
174	469	1132	55709
469	174	1132	55709
174	487	1273	3242
487	174	1273	3242
175	243	1067	442
243	175	1067	442
175	445	1574	2405
445	175	1574	2405
175	488	1314	1373
488	175	1314	1373
175	496	1001	1300
496	175	1001	1300
176	199	1255	7732
199	176	1255	7732
176	322	881	8521
322	176	881	8521
177	252	815	1282
252	177	815	1282
177	256	1309	8020
256	177	1309	8020
177	257	1123	346
257	177	1123	346
177	325	1013	6145
325	177	1013	6145
177	343	1178	1549
343	177	1178	1549
177	480	1331	19777
480	177	1331	19777
178	286	958	1261
286	178	958	1261
178	341	851	3761
341	178	851	3761
178	397	1516	1690
397	178	1516	1690
178	477	1163	853
477	178	1163	853
179	322	1376	3218
322	179	1376	3218
179	385	1541	1604
385	179	1541	1604
179	420	1187	4293
420	179	1187	4293
179	467	941	1170
467	179	941	1170
180	259	976	10144
259	180	976	10144
180	300	1579	8712
300	180	1579	8712
180	301	1530	2314
301	180	1530	2314
180	324	1547	10420
324	180	1547	10420
180	423	1006	1594
423	180	1006	1594
180	476	1119	3653
476	180	1119	3653
181	287	845	281
287	181	845	281
181	342	841	1466
342	181	841	1466
181	358	1390	901
358	181	1390	901
181	398	1189	2525
398	181	1189	2525
181	422	1171	1538
422	181	1171	1538
181	497	1282	666
497	181	1282	666
182	250	913	4450
250	182	913	4450
183	333	1491	1481
333	183	1491	1481
183	360	1065	1017
360	183	1065	1017
183	397	1215	6056
397	183	1215	6056
183	474	1123	1810
474	183	1123	1810
184	194	845	1649
194	184	845	1649
184	351	925	586
351	184	925	586
184	424	905	2833
424	184	905	2833
184	490	1137	1061
490	184	1137	1061
185	192	1572	1637
192	185	1572	1637
185	272	1465	178
272	185	1465	178
185	335	1183	2389
335	185	1183	2389
186	197	1313	3029
197	186	1313	3029
186	238	1080	2285
238	186	1080	2285
186	307	1092	11570
307	186	1092	11570
186	394	985	4100
394	186	985	4100
187	277	1380	1621
277	187	1380	1621
187	289	1526	64
289	187	1526	64
187	296	1567	850
296	187	1567	850
187	379	1261	1061
379	187	1261	1061
188	458	1383	3961
458	188	1383	3961
188	469	836	2504
469	188	836	2504
188	494	1337	405
494	188	1337	405
189	330	1524	1193
330	189	1524	1193
189	339	1430	1217
339	189	1430	1217
189	350	1554	1636
350	189	1554	1636
189	457	1090	4329
457	189	1090	4329
189	482	1317	1781
482	189	1317	1781
190	310	1413	370
310	190	1413	370
190	400	1594	914
400	190	1594	914
190	477	934	3809
477	190	934	3809
191	295	872	689
295	191	872	689
191	313	1478	901
313	191	1478	901
191	331	976	65
331	191	976	65
191	388	950	829
388	191	950	829
191	427	1235	117
427	191	1235	117
192	272	1214	2777
272	192	1214	2777
192	307	1412	12457
307	192	1412	12457
192	355	1315	2450
355	192	1315	2450
192	393	1335	4360
393	192	1335	4360
192	471	1546	1145
471	192	1546	1145
193	241	821	1345
241	193	821	1345
193	290	956	640
290	193	956	640
193	425	1070	1421
425	193	1070	1421
193	435	898	272
435	193	898	272
194	292	1256	1105
292	194	1256	1105
194	351	1315	269
351	194	1315	269
194	490	1483	1800
490	194	1483	1800
195	211	805	394
211	195	805	394
195	312	1103	1124
312	195	1103	1124
195	341	1405	2210
341	195	1405	2210
195	397	1510	4325
397	195	1510	4325
196	230	1350	1665
230	196	1350	1665
196	354	1238	3709
354	196	1238	3709
196	379	1119	2845
379	196	1119	2845
196	395	1562	4036
395	196	1562	4036
196	425	1597	4329
425	196	1597	4329
197	238	812	180
238	197	812	180
197	355	1383	14050
355	197	1383	14050
197	391	1435	9425
391	197	1435	9425
197	432	1400	7565
432	197	1400	7565
197	446	1146	290
446	197	1146	290
198	225	1311	485
225	198	1311	485
198	307	1202	637
307	198	1202	637
198	311	1358	680
311	198	1358	680
198	394	1396	15185
394	198	1396	15185
199	322	958	3845
322	199	958	3845
199	368	1376	5513
368	199	1376	5513
199	420	1296	2120
420	199	1296	2120
200	419	1283	1073
419	200	1283	1073
200	429	1020	520
429	200	1020	520
200	456	1423	541
456	200	1423	541
201	244	1240	850
244	201	1240	850
201	273	945	6724
273	201	945	6724
201	314	880	49284
314	201	880	49284
201	337	875	586
337	201	875	586
201	378	1274	5018
378	201	1274	5018
202	252	1199	1521
252	202	1199	1521
202	325	1563	1418
325	202	1563	1418
202	426	1352	1872
426	202	1352	1872
202	433	1032	1853
433	202	1032	1853
203	234	1477	5122
234	203	1477	5122
203	291	1374	11889
291	203	1374	11889
203	348	942	6760
348	203	942	6760
203	410	831	3217
410	203	831	3217
204	259	1123	3364
259	204	1123	3364
204	264	1198	1517
264	204	1198	1517
204	338	825	740
338	204	825	740
204	362	1183	3277
362	204	1183	3277
204	434	1318	4210
434	204	1318	4210
204	438	840	3650
438	204	840	3650
204	449	1218	6994
449	204	1218	6994
205	263	1098	2500
263	205	1098	2500
205	268	1304	2293
268	205	1304	2293
205	270	969	746
270	205	969	746
205	344	902	3065
344	205	902	3065
205	428	1522	3538
428	205	1522	3538
206	213	1394	458
213	206	1394	458
206	334	851	481
334	206	851	481
206	417	1431	2273
417	206	1431	2273
206	471	1509	181
471	206	1509	181
207	235	837	298
235	207	837	298
207	403	848	340
403	207	848	340
208	371	1470	1613
371	208	1470	1613
208	454	1482	666
454	208	1482	666
209	215	1407	137
215	209	1407	137
209	239	1444	612
239	209	1444	612
209	273	1559	565
273	209	1559	565
210	228	1175	962
228	210	1175	962
210	255	805	722
255	210	805	722
210	484	1389	457
484	210	1389	457
211	287	1561	1865
287	211	1561	1865
211	312	1020	986
312	211	1020	986
211	397	1127	3785
397	211	1127	3785
211	402	1124	6845
402	211	1124	6845
211	422	1486	5968
422	211	1486	5968
212	282	956	3746
282	212	956	3746
212	472	1308	3249
472	212	1308	3249
212	484	1271	29584
484	212	1271	29584
213	271	1551	5525
271	213	1551	5525
213	335	1441	648
335	213	1441	648
214	271	1171	9386
271	214	1171	9386
214	295	1557	2909
295	214	1557	2909
214	302	962	872
302	214	962	872
214	313	1431	5193
313	214	1431	5193
214	318	1200	1069
318	214	1200	1069
214	335	1146	5265
335	214	1146	5265
214	380	880	1933
380	214	880	1933
214	414	1316	9376
414	214	1316	9376
215	239	887	809
239	215	887	809
215	273	965	1114
273	215	965	1114
215	275	1465	1021
275	215	1465	1021
215	416	1572	1205
416	215	1572	1205
215	475	1325	2314
475	215	1325	2314
216	245	983	1013
245	216	983	1013
216	278	853	3797
278	216	853	3797
216	315	1111	5801
315	216	1111	5801
216	341	1344	425
341	216	1344	425
217	226	1029	2993
226	217	1029	2993
217	282	1156	5617
282	217	1156	5617
217	347	1314	3341
347	217	1314	3341
217	376	844	4996
376	217	844	4996
217	450	1321	1489
450	217	1321	1489
218	224	1353	400
224	218	1353	400
219	333	1301	3601
333	219	1301	3601
219	402	1411	1858
402	219	1411	1858
219	413	881	436
413	219	881	436
219	474	1345	1808
474	219	1345	1808
220	389	830	3833
389	220	830	3833
220	426	1081	673
426	220	1081	673
220	446	1210	2129
446	220	1210	2129
221	293	1053	464
293	221	1053	464
221	345	1195	410
345	221	1195	410
221	429	1343	1076
429	221	1343	1076
221	430	1400	872
430	221	1400	872
222	237	1240	1193
237	222	1240	1193
222	281	1297	2320
281	222	1297	2320
222	306	845	3530
306	222	845	3530
222	320	859	16276
320	222	859	16276
223	240	1117	68
240	223	1117	68
223	299	860	2285
299	223	860	2285
223	308	1068	1412
308	223	1068	1412
223	359	1414	6057
359	223	1414	6057
223	474	1019	3106
474	223	1019	3106
224	360	1576	9386
360	224	1576	9386
224	477	874	3386
477	224	874	3386
225	307	986	1010
307	225	986	1010
225	311	1221	337
311	225	1221	337
225	455	1341	1193
455	225	1341	1193
226	368	1166	16724
368	226	1166	16724
226	450	992	1730
450	226	992	1730
226	499	1178	173
499	226	1178	173
227	267	1176	1370
267	227	1176	1370
227	297	1364	709
297	227	1364	709
227	437	1262	977
437	227	1262	977
227	476	1450	9040
476	227	1450	9040
228	404	1582	8425
404	228	1582	8425
228	409	957	4292
409	228	957	4292
228	484	1443	1213
484	228	1443	1213
229	231	1398	2057
231	229	1398	2057
229	277	1531	377
277	229	1531	377
229	290	1406	2690
290	229	1406	2690
229	401	1060	1697
401	229	1060	1697
229	482	1318	554
482	229	1318	554
230	319	848	3229
319	230	848	3229
230	354	886	5938
354	230	886	5938
230	395	1214	1033
395	230	1214	1033
230	445	1300	5741
445	230	1300	5741
231	401	1569	58
401	231	1569	58
231	435	1120	425
435	231	1120	425
231	457	898	1117
457	231	898	1117
231	482	1471	2545
482	231	1471	2545
232	329	1049	585
329	232	1049	585
232	411	1205	3898
411	232	1205	3898
232	448	1284	6697
448	232	1284	6697
232	481	1509	3844
481	232	1509	3844
233	309	1188	1040
309	233	1188	1040
233	364	886	1010
364	233	886	1010
233	383	1390	709
383	233	1390	709
233	409	899	2917
409	233	899	2917
234	291	961	1405
291	234	961	1405
234	363	960	1073
363	234	960	1073
234	410	863	8069
410	234	863	8069
235	260	1007	1385
260	235	1007	1385
235	357	1421	905
357	235	1421	905
235	403	885	234
403	235	885	234
236	271	1291	848
271	236	1291	848
236	324	844	3428
324	236	844	3428
236	434	1546	3362
434	236	1546	3362
236	463	1271	3050
463	236	1271	3050
237	281	987	337
281	237	987	337
237	367	1198	4050
367	237	1198	4050
237	413	1314	7240
413	237	1314	7240
237	422	925	2637
422	237	925	2637
238	389	1044	8468
389	238	1044	8468
238	446	1011	50
446	238	1011	50
239	246	1576	2097
246	239	1576	2097
239	273	922	1873
273	239	922	1873
239	378	818	7481
378	239	818	7481
239	416	1465	180
416	239	1465	180
239	468	1096	9466
468	239	1096	9466
240	308	1385	1360
308	240	1385	1360
240	444	1428	4160
444	240	1428	4160
240	485	874	3370
485	240	874	3370
241	261	1153	1369
261	241	1153	1369
241	425	1041	5090
425	241	1041	5090
241	439	1038	845
439	241	1038	845
241	457	1428	325
457	241	1428	325
242	328	1250	373
328	242	1250	373
242	386	1240	2000
386	242	1240	2000
242	447	1303	221
447	242	1303	221
243	248	1290	2768
248	243	1290	2768
243	445	1135	1469
445	243	1135	1469
243	488	1288	1805
488	243	1288	1805
244	337	1548	208
337	244	1548	208
245	286	1106	1322
286	245	1106	1322
245	315	1485	10388
315	245	1485	10388
245	341	1202	1332
341	245	1202	1332
246	416	858	1233
416	246	858	1233
246	468	806	3145
468	246	806	3145
247	300	851	2402
300	247	851	2402
248	256	1133	55240
256	248	1133	55240
248	325	1461	7129
325	248	1461	7129
248	337	1376	155461
337	248	1376	155461
248	343	1210	29429
343	248	1210	29429
248	395	1551	26269
395	248	1551	26269
248	433	1558	4264
433	248	1558	4264
248	445	1068	7925
445	248	1068	7925
248	488	1330	925
488	248	1330	925
248	496	1451	1186
496	248	1451	1186
249	269	1405	901
269	249	1405	901
249	270	1531	2349
270	249	1531	2349
249	368	1501	5114
368	249	1501	5114
249	405	1072	3825
405	249	1072	3825
249	408	1191	200
408	249	1191	200
250	317	1331	8612
317	250	1331	8612
250	387	1217	3977
387	250	1217	3977
250	444	1594	2941
444	250	1594	2941
251	418	914	196
418	251	914	196
251	473	1140	4121
473	251	1140	4121
251	481	1380	6037
481	251	1380	6037
251	500	1086	4849
500	251	1086	4849
252	257	811	296
257	252	811	296
252	325	1268	4553
325	252	1268	4553
253	405	1401	829
405	253	1401	829
253	492	1586	1538
492	253	1586	1538
254	317	1328	2692
317	254	1328	2692
254	364	1408	449
364	254	1408	449
254	372	1180	533
372	254	1180	533
254	431	986	3761
431	254	986	3761
254	442	1194	520
442	254	1194	520
255	403	879	137
403	255	879	137
256	275	1529	5354
275	256	1529	5354
256	337	1399	25649
337	256	1399	25649
256	343	1391	4097
343	256	1391	4097
256	475	1233	5353
475	256	1233	5353
257	480	1021	18965
480	257	1021	18965
258	347	1274	2529
347	258	1274	2529
258	369	1575	3393
369	258	1575	3393
259	264	1504	3545
264	259	1504	3545
259	300	1236	7240
300	259	1236	7240
259	324	1346	6948
324	259	1346	6948
259	438	1543	3386
438	259	1543	3386
260	356	1571	820
356	260	1571	820
260	357	1582	1466
357	260	1582	1466
260	403	1290	1961
403	260	1290	1961
260	495	1500	2320
495	260	1500	2320
261	386	1525	6093
386	261	1525	6093
261	395	1262	33892
395	261	1262	33892
261	425	1156	11261
425	261	1156	11261
261	439	922	706
439	261	922	706
261	447	1287	436
447	261	1287	436
262	278	1569	5210
278	262	1569	5210
262	284	1252	3505
284	262	1252	3505
262	336	973	4196
336	262	973	4196
262	381	1183	1585
381	262	1183	1585
262	468	1273	36
468	262	1273	36
263	268	965	1405
268	263	965	1405
263	453	1460	2890
453	263	1460	2890
263	479	1323	2960
479	263	1323	2960
264	324	1490	2669
324	264	1490	2669
264	434	1384	1649
434	264	1384	1649
265	319	1301	144
319	265	1301	144
265	354	1283	1125
354	265	1283	1125
265	391	1589	2069
391	265	1589	2069
265	432	999	2393
432	265	999	2393
266	273	1475	845
273	266	1475	845
266	304	1150	685
304	266	1150	685
266	337	929	2341
337	266	929	2341
267	279	1359	1360
279	267	1359	1360
267	297	1040	1937
297	267	1040	1937
267	298	1405	661
298	267	1405	661
267	427	1597	1440
427	267	1597	1440
268	344	1557	1576
344	268	1557	1576
268	479	1176	709
479	268	1176	709
269	408	1133	265
408	269	1133	265
269	476	1312	4777
476	269	1312	4777
270	408	823	2873
408	270	823	2873
270	428	1448	4100
428	270	1448	4100
271	324	813	7396
324	271	813	7396
271	335	1282	4049
335	271	1282	4049
271	414	895	4474
414	271	895	4474
271	463	852	2482
463	271	852	2482
272	329	1186	5769
329	272	1186	5769
272	335	1383	2965
335	272	1383	2965
272	374	1040	4537
374	272	1040	4537
272	393	1422	4589
393	272	1422	4589
273	275	1262	1109
275	273	1262	1109
273	304	1041	674
304	273	1041	674
273	378	1413	5650
378	273	1413	5650
274	411	1374	3978
411	274	1374	3978
274	462	1337	178
462	274	1337	178
274	470	1377	1780
470	274	1377	1780
274	489	1217	265
489	274	1217	265
275	304	1156	225
304	275	1156	225
275	337	1313	7713
337	275	1313	7713
275	475	1411	6085
475	275	1411	6085
276	390	938	765
390	276	938	765
276	460	1390	1088
460	276	1390	1088
276	481	979	1105
481	276	979	1105
277	290	1487	3601
290	277	1487	3601
277	296	1545	2153
296	277	1545	2153
277	354	876	11236
354	277	876	11236
277	362	1336	1285
362	277	1336	1285
277	379	1088	4900
379	277	1088	4900
278	315	1107	2196
315	278	1107	2196
278	336	823	2074
336	278	823	2074
278	341	839	4628
341	278	839	4628
278	480	1039	1933
480	278	1039	1933
279	298	929	317
298	279	929	317
279	340	1098	3609
340	279	1098	3609
279	405	826	2925
405	279	826	2925
280	303	1247	493
303	280	1247	493
280	370	854	740
370	280	854	740
280	489	1065	4553
489	280	1065	4553
281	306	1228	2050
306	281	1228	2050
281	398	1566	1525
398	281	1566	1525
281	422	1427	1234
422	281	1427	1234
282	347	1169	5800
347	282	1169	5800
282	348	805	282010
348	282	805	282010
282	376	968	9461
376	282	968	9461
282	484	1391	54314
484	282	1391	54314
283	288	1077	821
288	283	1077	821
283	412	1409	386
412	283	1409	386
283	436	976	386
436	283	976	386
285	292	980	4021
292	285	980	4021
285	300	912	2612
300	285	912	2612
285	373	937	1049
373	285	937	1049
285	441	1356	5521
441	285	1356	5521
285	487	1097	2564
487	285	1097	2564
286	311	1385	4477
311	286	1385	4477
286	316	850	3332
316	286	850	3332
286	341	1224	4394
341	286	1224	4394
286	477	847	1908
477	286	847	1908
287	312	1379	1017
312	287	1379	1017
287	342	935	1069
342	287	935	1069
287	422	1561	1865
422	287	1561	1865
288	323	1096	425
323	288	1096	425
288	412	1577	117
412	288	1577	117
288	498	1586	533
498	288	1586	533
289	296	1488	1090
296	289	1488	1090
289	365	1342	1378
365	289	1342	1378
289	379	1493	629
379	289	1493	629
289	449	1472	1625
449	289	1472	1625
290	379	1103	8361
379	290	1103	8361
290	401	1550	505
401	290	1550	505
290	425	897	2173
425	290	897	2173
290	435	1278	208
435	290	1278	208
291	359	835	14596
359	291	835	14596
291	363	1066	1556
363	291	1066	1556
291	375	996	3042
375	291	996	3042
292	300	1387	7465
300	292	1387	7465
292	406	1293	281
406	292	1293	281
292	487	1435	3485
487	292	1435	3485
293	358	1149	3769
358	293	1149	3769
293	429	974	1924
429	293	974	1924
293	430	1598	2600
430	293	1598	2600
293	468	1243	4624
468	293	1243	4624
294	385	898	1586
385	294	898	1586
294	424	800	87625
424	294	800	87625
294	440	953	2952
440	294	953	2952
294	453	1029	7025
453	294	1029	7025
294	479	1484	31693
479	294	1484	31693
295	313	1165	530
313	295	1165	530
295	318	1446	538
318	295	1446	538
295	331	1554	338
331	295	1554	338
295	427	1421	1352
427	295	1421	1352
296	362	1314	1780
362	296	1314	1780
296	449	841	365
449	296	841	365
298	340	1498	2312
340	298	1498	2312
298	427	1106	2269
427	298	1106	2269
299	308	1347	153
308	299	1347	153
299	359	1355	2930
359	299	1355	2930
300	373	1069	585
373	300	1069	585
300	438	1446	11402
438	300	1446	11402
300	441	932	8345
441	300	932	8345
300	476	1570	11177
476	300	1570	11177
301	324	1577	7146
324	301	1577	7146
301	388	1063	4121
388	301	1063	4121
301	423	1479	68
423	301	1479	68
301	437	1480	212
437	301	1480	212
302	318	1083	17
318	302	1083	17
302	380	1064	4625
380	302	1064	4625
302	470	1260	2320
470	302	1260	2320
303	370	1430	505
370	303	1430	505
303	464	957	757
464	303	957	757
304	337	1147	5328
337	304	1147	5328
305	377	1343	3650
377	305	1343	3650
305	444	929	6322
444	305	929	6322
305	486	1054	650
486	305	1054	650
305	493	817	841
493	305	817	841
306	314	1421	2897
314	306	1421	2897
306	398	1313	45
398	306	1313	45
306	430	1567	3250
430	306	1567	3250
307	355	1488	14081
355	307	1488	14081
307	393	1005	11125
393	307	1005	11125
307	455	1432	4005
455	307	1432	4005
308	375	1232	2257
375	308	1232	2257
308	444	848	9040
444	308	848	9040
309	364	1062	538
364	309	1062	538
309	372	1532	730
372	309	1532	730
309	383	1162	205
383	309	1162	205
309	478	855	117
478	309	855	117
310	400	1570	256
400	310	1570	256
310	477	1314	3301
477	310	1314	3301
311	316	1594	725
316	311	1594	725
311	394	1549	21925
394	311	1549	21925
312	336	1263	1508
336	312	1263	1508
312	342	942	202
342	312	942	202
313	388	803	130
388	313	803	130
313	414	1249	3265
414	313	1249	3265
314	419	1446	5450
419	314	1446	5450
314	430	1369	1013
430	314	1369	1013
315	394	1081	7618
394	315	1081	7618
315	480	906	673
480	315	906	673
317	387	948	5353
387	317	948	5353
317	404	1568	4761
404	317	1568	4761
317	442	1443	1476
442	317	1443	1476
319	432	1201	3305
432	319	1201	3305
319	445	900	8090
445	319	900	8090
319	496	1029	15805
496	319	1029	15805
320	359	1133	340
359	320	1133	340
320	367	1345	2353
367	320	1345	2353
321	344	1595	45
344	321	1595	45
321	396	1116	538
396	321	1116	538
321	428	816	1636
428	321	816	1636
322	399	971	2056
399	322	971	2056
322	407	1321	1277
407	322	1321	1277
323	412	835	242
412	323	835	242
323	415	1519	1381
415	323	1519	1381
323	431	1282	1937
431	323	1282	1937
323	473	1041	2504
473	323	1041	2504
323	498	1408	808
498	323	1408	808
324	434	1011	3978
434	324	1011	3978
325	343	1241	8116
343	325	1241	8116
325	433	1576	1125
433	325	1576	1125
326	376	814	1557
376	326	814	1557
326	464	1275	1937
464	326	1275	1937
326	472	967	685
472	326	967	685
327	354	1197	5584
354	327	1197	5584
327	365	1491	4229
365	327	1491	4229
327	391	1169	8026
391	327	1169	8026
327	449	917	2420
449	327	917	2420
328	330	1070	2074
330	328	1070	2074
328	386	1145	2045
386	328	1145	2045
329	374	1537	2482
374	329	1537	2482
329	380	1032	3394
380	329	1032	3394
330	350	853	113
350	330	853	113
330	457	1070	5690
457	330	1070	5690
330	458	856	2221
458	330	856	2221
331	340	1218	4105
340	331	1218	4105
331	427	1506	338
427	331	1506	338
332	352	1134	58
352	332	1134	58
332	368	1476	657
368	332	1476	657
333	397	937	3725
397	333	937	3725
333	402	1590	3065
402	333	1590	3065
333	474	1421	3233
474	333	1421	3233
334	355	1354	221
355	334	1354	221
334	417	883	1600
417	334	883	1600
336	342	944	1202
342	336	944	1202
336	358	1287	4753
358	336	1287	4753
336	381	931	949
381	336	931	949
338	362	1320	905
362	338	1320	905
338	459	1190	1889
459	338	1190	1889
339	350	1421	1945
350	339	1421	1945
339	438	846	3497
438	339	846	3497
339	482	859	3690
482	339	859	3690
340	405	964	9864
405	340	964	9864
340	427	1278	2857
427	340	1278	2857
340	462	947	1172
462	340	947	1172
340	470	1440	1714
470	340	1440	1714
340	489	940	637
489	340	940	637
341	397	1461	3737
397	341	1461	3737
342	358	1094	1937
358	342	1094	1937
344	396	904	877
396	344	904	877
344	428	1318	1849
428	344	1318	1849
344	479	1024	2529
479	344	1024	2529
344	490	1403	3589
490	344	1403	3589
345	419	1325	1261
419	345	1325	1261
345	429	1250	362
429	345	1250	362
345	430	876	490
430	345	876	490
346	451	830	701
451	346	830	701
346	476	879	769
476	346	879	769
346	483	1294	178
483	346	1294	178
348	377	856	4520
377	348	856	4520
348	404	1353	32464
404	348	1353	32464
348	410	1421	1709
410	348	1421	1709
348	484	1553	88808
484	348	1553	88808
349	391	861	9938
391	349	861	9938
349	417	1439	442
417	349	1439	442
350	438	1149	10000
438	350	1149	10000
350	458	1377	1418
458	350	1377	1418
351	490	1591	1097
490	351	1591	1097
352	368	1258	733
368	352	1258	733
353	389	1334	773
389	353	1334	773
353	394	1322	2650
394	353	1322	2650
354	365	897	533
365	354	897	533
354	379	938	1296
379	354	938	1296
354	391	1277	3554
391	354	1277	3554
355	471	1206	1341
471	355	1206	1341
356	357	1303	538
357	356	1303	538
356	390	1517	2164
390	356	1517	2164
356	466	884	1000
466	356	884	1000
356	495	1376	1508
495	356	1376	1508
357	409	1472	2682
409	357	1472	2682
358	497	1070	157
497	358	1070	157
359	413	1023	2357
413	359	1023	2357
359	474	1030	6445
474	359	1030	6445
360	474	1598	373
474	360	1598	373
360	485	1306	5513
485	360	1306	5513
361	370	1046	244
370	361	1046	244
361	376	1489	2210
376	361	1489	2210
361	464	1099	1828
464	361	1099	1828
361	499	1079	2762
499	361	1079	2762
362	449	1240	3425
449	362	1240	3425
362	459	1076	928
459	362	1076	928
363	375	979	1970
375	363	979	1970
363	465	912	3898
465	363	912	3898
363	486	1598	2725
486	363	1598	2725
364	372	1500	200
372	364	1500	200
364	442	1242	421
442	364	1242	421
365	379	1399	245
379	365	1399	245
365	449	1469	3613
449	365	1469	3613
366	399	1199	4250
399	366	1199	4250
366	407	927	585
407	366	927	585
367	413	1163	2722
413	367	1163	2722
368	420	1070	4205
420	368	1070	4205
368	453	1124	10453
453	368	1124	10453
368	499	1539	19485
499	368	1539	19485
369	399	1239	848
399	369	1239	848
370	464	1439	1224
464	370	1439	1224
371	454	849	1073
454	371	849	1073
371	469	1464	14225
469	371	1464	14225
371	487	1568	4714
487	371	1568	4714
372	431	1389	2410
431	372	1389	2410
372	478	859	793
478	372	859	793
373	392	1319	116
392	373	1319	116
374	384	1266	3140
384	374	1266	3140
374	393	862	1412
393	374	862	1412
375	486	924	1553
486	375	924	1553
376	464	1434	1754
464	376	1434	1754
376	472	1148	2320
472	376	1148	2320
377	387	1227	7508
387	377	1227	7508
377	404	1596	26632
404	377	1596	26632
377	410	1028	3033
410	377	1028	3033
377	465	988	1385
465	377	988	1385
377	493	1531	1069
493	377	1531	1069
378	443	1136	365
443	378	1136	365
378	456	1065	3016
456	378	1065	3016
378	468	1171	17477
468	378	1171	17477
380	411	1247	8861
411	380	1247	8861
380	470	1328	7585
470	380	1328	7585
382	390	1148	1017
390	382	1148	1017
382	460	1241	2138
460	382	1241	2138
382	461	1317	612
461	382	1317	612
382	466	863	185
466	382	863	185
382	495	1248	109
495	382	1248	109
383	409	987	1280
409	383	987	1280
383	478	1250	484
478	383	1250	484
383	500	961	484
500	383	961	484
384	473	1022	2925
473	384	1022	2925
384	481	1372	9665
481	384	1372	9665
384	498	862	3229
498	384	862	3229
385	420	1115	7589
420	385	1115	7589
385	440	1109	2066
440	385	1109	2066
385	467	1360	98
467	385	1360	98
385	491	1221	1450
491	385	1221	1450
386	447	823	3373
447	386	823	3373
386	469	1573	11065
469	386	1573	11065
386	494	1524	5120
494	386	1524	5120
387	444	1382	7880
444	387	1382	7880
388	414	1190	3649
414	388	1190	3649
388	427	1074	1312
427	388	1074	1312
389	394	907	941
394	389	907	941
390	460	1480	1805
460	390	1480	1805
390	466	1472	1124
466	390	1472	1124
391	432	1527	180
432	391	1527	180
393	455	1219	4450
455	393	1219	4450
395	425	1560	6205
425	395	1560	6205
395	445	1233	5338
445	395	1233	5338
396	428	1048	2210
428	396	1048	2210
396	451	828	953
451	396	828	953
396	483	1122	1696
483	396	1122	1696
396	490	805	1962
490	396	805	1962
397	402	1536	10660
402	397	1536	10660
397	477	1444	3881
477	397	1444	3881
398	422	1543	3133
422	398	1543	3133
398	497	1098	941
497	398	1098	941
399	407	886	4985
407	399	886	4985
400	455	1143	5364
455	400	1143	5364
400	498	1170	5525
498	400	1170	5525
401	435	1070	337
435	401	1070	337
402	413	998	2930
413	402	998	2930
402	422	1435	1157
422	402	1435	1157
404	484	1241	14024
484	404	1241	14024
405	492	1103	925
492	405	1103	925
406	487	1560	2834
487	406	1560	2834
407	491	1225	1277
491	407	1225	1277
408	428	1220	2705
428	408	1220	2705
408	476	974	6714
476	408	974	6714
409	500	1178	356
500	409	1178	356
410	465	1361	2372
465	410	1361	2372
411	448	921	965
448	411	921	965
411	470	1495	6514
470	411	1495	6514
413	422	1435	6481
422	413	1435	6481
415	431	1434	1000
431	415	1434	1000
415	436	1586	5
436	415	1586	5
416	475	892	785
475	416	892	785
417	463	1036	4762
463	417	1036	4762
418	431	1308	5668
431	418	1308	5668
418	473	906	3757
473	418	906	3757
419	429	1404	445
429	419	1404	445
419	430	1241	2745
430	419	1241	2745
419	456	1054	1268
456	419	1054	1268
420	453	1349	2420
453	420	1349	2420
421	448	1175	1746
448	421	1175	1746
421	481	939	313
481	421	939	313
423	437	1364	272
437	423	1364	272
426	433	1173	2117
433	426	1173	2117
426	446	1307	4820
446	426	1307	4820
426	496	944	7605
496	426	944	7605
428	451	1323	1845
451	428	1323	1845
428	476	1103	1913
476	428	1103	1913
431	473	1564	5877
473	431	1564	5877
431	478	1492	3825
478	431	1492	3825
432	446	1204	9005
446	432	1204	9005
432	496	844	14500
496	432	844	14500
433	496	984	4346
496	433	984	4346
434	449	1315	4352
449	434	1315	4352
434	463	1572	4688
463	434	1572	4688
438	441	802	4493
441	438	802	4493
439	447	894	1202
447	439	894	1202
439	457	1456	260
457	439	1456	260
440	491	1571	1936
491	440	1571	1936
441	452	1591	488
452	441	1591	488
443	456	979	3545
456	443	979	3545
444	485	1409	442
485	444	1409	442
446	496	1257	10805
496	446	1257	10805
448	460	1506	1746
460	448	1506	1746
450	499	1107	1017
499	450	1107	1017
451	476	1167	290
476	451	1167	290
451	483	1268	593
483	451	1268	593
452	454	1327	6980
454	452	1327	6980
452	458	1158	4241
458	452	1158	4241
452	469	1528	19730
469	452	1528	19730
453	479	1493	11074
479	453	1493	11074
457	482	1432	5096
482	457	1432	5096
458	469	1159	10789
469	458	1159	10789
459	482	1064	738
482	459	1064	738
460	464	831	5581
464	460	831	5581
460	481	1405	2977
481	460	1405	2977
461	495	1171	985
495	461	1171	985
462	470	1301	842
470	462	1301	842
462	489	1290	269
489	462	1290	269
465	486	1494	2617
486	465	1494	2617
465	493	831	482
493	465	831	482
466	495	907	68
495	466	907	68
467	491	926	848
491	467	926	848
469	494	915	1145
494	469	915	1145
473	498	1207	1600
498	473	1207	1600
478	500	850	968
500	478	850	968
479	490	1285	4450
490	479	1285	4450
483	490	1156	3706
490	483	1156	3706
488	496	840	17
496	488	840	17
492	499	1299	6929
499	492	1299	6929
