1	18	127	1850
18	1	127	1850
1	64	57	27297
64	1	57	27297
1	71	98	13949
71	1	98	13949
1	77	87	8528
77	1	87	8528
1	79	56	13940
79	1	56	13940
2	19	103	44602
19	2	103	44602
2	27	57	5690
27	2	57	5690
2	43	198	18845
43	2	198	18845
2	65	180	69813
65	2	180	69813
2	70	197	12618
70	2	197	12618
3	9	169	71594
9	3	169	71594
3	17	100	35460
17	3	100	35460
3	19	148	190825
19	3	148	190825
3	23	172	10250
23	3	172	10250
3	50	165	73805
50	3	165	73805
3	73	158	3466
73	3	158	3466
4	26	165	14549
26	4	165	14549
4	40	54	1970
40	4	54	1970
4	46	62	43441
46	4	62	43441
4	55	130	22997
55	4	130	22997
4	68	140	40456
68	4	140	40456
5	12	88	23965
12	5	88	23965
5	36	93	33332
36	5	93	33332
5	41	182	11002
41	5	182	11002
5	57	80	4625
57	5	80	4625
5	64	179	26269
64	5	179	26269
5	75	145	20453
75	5	145	20453
5	79	192	19058
79	5	192	19058
6	14	129	13313
14	6	129	13313
6	25	110	10706
25	6	110	10706
6	30	126	10865
30	6	126	10865
6	44	131	13220
44	6	131	13220
6	62	127	8585
62	6	127	8585
7	10	76	214730
10	7	76	214730
7	29	163	6833
29	7	163	6833
7	33	164	12506
33	7	164	12506
7	48	140	25562
48	7	140	25562
7	53	158	450
53	7	158	450
7	72	84	89297
72	7	84	89297
8	48	82	3329
48	8	82	3329
8	72	164	17620
72	8	164	17620
8	74	110	4673
74	8	110	4673
9	23	138	32724
23	9	138	32724
9	34	184	23629
34	9	184	23629
9	55	134	14500
55	9	134	14500
9	73	197	44356
73	9	197	44356
9	75	98	17972
75	9	98	17972
10	15	191	14645
15	10	191	14645
10	43	131	30685
43	10	131	30685
10	65	59	15877
65	10	59	15877
10	72	104	34969
72	10	104	34969
10	78	131	8730
78	10	131	8730
11	13	84	3077
13	11	84	3077
11	38	138	13234
38	11	138	13234
11	41	64	16466
41	11	64	16466
11	55	80	3485
55	11	80	3485
11	75	75	18329
75	11	75	18329
12	21	63	2048
21	12	63	2048
12	36	52	31601
36	12	52	31601
12	61	131	11197
61	12	131	11197
12	64	104	1970
64	12	104	1970
13	38	183	6245
38	13	183	6245
13	40	75	4765
40	13	75	4765
13	55	178	10656
55	13	178	10656
14	18	84	16900
18	14	84	16900
14	44	56	6165
44	14	56	6165
14	60	84	18450
60	14	84	18450
14	62	153	32042
62	14	153	32042
14	74	181	32912
74	14	181	32912
14	77	80	6890
77	14	80	6890
15	65	151	34
65	15	151	34
15	78	157	7853
78	15	157	7853
16	17	116	2152
17	16	116	2152
16	34	67	353
34	16	67	353
16	36	164	929
36	16	164	929
17	23	179	11570
23	17	179	11570
17	34	117	3445
34	17	117	3445
17	36	187	4645
36	17	187	4645
17	50	167	9605
50	17	167	9605
17	61	92	10573
61	17	92	10573
18	27	48	19796
27	18	48	19796
18	43	66	30073
43	18	66	30073
18	60	89	17410
60	18	89	17410
18	71	58	20313
71	18	58	20313
18	77	129	12610
77	18	129	12610
19	45	88	3872
45	19	88	3872
19	49	156	5410
49	19	156	5410
19	50	67	32740
50	19	67	32740
19	70	82	16840
70	19	82	16840
20	26	84	3730
26	20	84	3730
20	37	111	15986
37	20	111	15986
20	38	98	2425
38	20	98	2425
20	41	145	10529
41	20	145	10529
20	47	68	20410
47	20	68	20410
20	58	50	1184
58	20	50	1184
20	80	83	8784
80	20	83	8784
21	49	142	3313
49	21	142	3313
21	50	165	16913
50	21	165	16913
21	61	105	15613
61	21	105	15613
21	64	120	1970
64	21	120	1970
22	29	72	21445
29	22	72	21445
22	32	151	20722
32	22	151	20722
22	33	92	7712
33	22	92	7712
22	51	84	41296
51	22	84	41296
22	59	88	22745
59	22	88	22745
22	62	148	8906
62	22	148	8906
23	34	163	11281
34	23	163	11281
23	73	167	2056
73	23	167	2056
24	28	108	2353
28	24	108	2353
24	37	167	4586
37	24	167	4586
24	80	87	1156
80	24	87	1156
25	30	125	8109
30	25	125	8109
25	35	143	2785
35	25	143	2785
25	37	185	5960
37	25	185	5960
25	44	172	9802
44	25	172	9802
25	47	126	7760
47	25	126	7760
26	38	60	3985
38	26	60	3985
26	40	121	5993
40	26	121	5993
26	68	79	13465
68	26	79	13465
26	80	66	12538
80	26	66	12538
27	43	159	19993
43	27	159	19993
27	70	188	2132
70	27	188	2132
27	71	69	12473
71	27	69	12473
28	31	96	2597
31	28	96	2597
28	37	82	965
37	28	82	965
28	66	71	2740
66	28	71	2740
28	80	171	3033
80	28	171	3033
29	32	149	8149
32	29	149	8149
29	33	154	12493
33	29	154	12493
29	39	150	6500
39	29	150	6500
29	53	140	5717
53	29	140	5717
30	31	123	8609
31	30	123	8609
30	37	99	3185
37	30	99	3185
30	59	153	16133
59	30	153	16133
30	62	99	21754
62	30	99	21754
30	63	49	11624
63	30	49	11624
30	66	146	212
66	30	146	212
31	42	164	3728
42	31	164	3728
31	52	174	32500
52	31	174	32500
31	59	72	28744
59	31	72	28744
31	66	55	6205
66	31	55	6205
31	67	117	7738
67	31	117	7738
31	80	83	1640
80	31	83	1640
32	39	175	641
39	32	175	641
32	51	48	42426
51	32	48	42426
33	48	103	13896
48	33	103	13896
33	53	180	8228
53	33	180	8228
33	62	88	25930
62	33	88	25930
33	74	59	17620
74	33	59	17620
34	36	75	1744
36	34	75	1744
34	75	52	15185
75	34	52	15185
35	44	72	6445
44	35	72	6445
35	47	75	3497
47	35	75	3497
35	79	49	4930
79	35	49	4930
36	61	109	13466
61	36	109	13466
36	75	126	11513
75	36	126	11513
37	47	135	14408
47	37	135	14408
37	66	152	2249
66	37	152	2249
38	40	157	11602
40	38	157	11602
38	41	142	6176
41	38	142	6176
38	58	139	545
58	38	139	545
39	51	91	52757
51	39	91	52757
40	55	81	23365
55	40	81	23365
41	47	66	15877
47	41	66	15877
41	57	185	3161
57	41	185	3161
41	58	130	5193
58	41	130	5193
41	75	114	14545
75	41	114	14545
41	79	159	46280
79	41	159	46280
42	67	65	850
67	42	65	850
42	68	111	305
68	42	111	305
42	80	64	3240
80	42	64	3240
43	54	120	13625
54	43	120	13625
43	60	150	24309
60	43	150	24309
43	72	127	23018
72	43	127	23018
43	78	126	20605
78	43	126	20605
44	77	194	1205
77	44	194	1205
44	79	170	5553
79	44	170	5553
45	49	145	2066
49	45	145	2066
45	70	68	5576
70	45	68	5576
45	71	149	1613
71	45	149	1613
46	56	91	4729
56	46	91	4729
46	68	48	22997
68	46	48	22997
46	76	192	2260
76	46	192	2260
47	79	151	10369
79	47	151	10369
48	74	69	580
74	48	69	580
49	50	136	35186
50	49	136	35186
49	64	85	3341
64	49	85	3341
49	71	181	2385
71	49	181	2385
50	61	161	26
61	50	161	26
51	52	75	59705
52	51	75	59705
51	56	83	95348
56	51	83	95348
51	59	51	19009
59	51	51	19009
52	56	131	5321
56	52	131	5321
52	59	106	61540
59	52	106	61540
52	67	98	13394
67	52	98	13394
52	69	152	1093
69	52	152	1093
52	76	188	5450
76	52	188	5450
54	60	84	3218
60	54	84	3218
54	72	128	5021
72	54	128	5021
55	75	137	25096
75	55	137	25096
56	69	92	2050
69	56	92	2050
56	76	170	4901
76	56	170	4901
57	75	131	7684
75	57	131	7684
59	62	75	8869
62	59	75	8869
59	63	66	729
63	59	66	729
60	72	93	13445
72	60	93	13445
60	74	89	16250
74	60	89	16250
62	63	54	5818
63	62	54	5818
62	74	168	48850
74	62	168	48850
64	71	65	9512
71	64	65	9512
64	79	70	26729
79	64	70	26729
65	78	51	8869
78	65	51	8869
67	68	62	445
68	67	62	445
67	76	95	9104
76	67	95	9104
68	76	62	12701
76	68	62	12701
68	80	136	4589
80	68	136	4589
69	76	91	2393
76	69	91	2393
70	71	191	4505
71	70	191	4505
72	74	132	22237
74	72	132	22237
77	79	99	4292
79	77	99	4292
