1	114	3005	362
114	1	3005	362
1	595	2226	1249
595	1	2226	1249
1	651	2171	3253
651	1	2171	3253
1	709	2442	181
709	1	2442	181
2	162	1843	40
162	2	1843	40
2	519	2924	32
519	2	2924	32
2	585	2433	612
585	2	2433	612
2	681	3120	4709
681	2	3120	4709
3	169	1642	410
169	3	1642	410
3	345	2101	97
345	3	2101	97
3	484	1634	544
484	3	1634	544
3	529	2484	617
529	3	2484	617
3	701	3000	3778
701	3	3000	3778
4	440	1601	421
440	4	1601	421
4	579	2870	2353
579	4	2870	2353
4	771	2481	4552
771	4	2481	4552
5	148	2261	244
148	5	2261	244
5	480	3097	712
480	5	3097	712
5	570	2818	740
570	5	2818	740
6	201	1764	5
201	6	1764	5
6	618	1775	173
618	6	1775	173
6	700	2817	45
700	6	2817	45
7	270	3183	514
270	7	3183	514
7	505	2074	578
505	7	2074	578
7	526	2678	40
526	7	2678	40
8	371	2976	922
371	8	2976	922
8	437	1635	1530
437	8	1635	1530
8	541	2424	2405
541	8	2424	2405
8	584	1922	2173
584	8	1922	2173
8	594	2690	1241
594	8	2690	1241
8	705	2783	1348
705	8	2783	1348
8	784	2624	1377
784	8	2624	1377
9	573	1726	661
573	9	1726	661
9	600	2308	137
600	9	2308	137
9	712	2527	353
712	9	2527	353
10	476	1706	292
476	10	1706	292
10	493	1972	1073
493	10	1972	1073
10	556	3116	2512
556	10	3116	2512
10	752	2347	730
752	10	2347	730
11	28	3199	458
28	11	3199	458
11	648	2926	2120
648	11	2926	2120
11	671	2765	2290
671	11	2765	2290
11	676	2083	1321
676	11	2083	1321
12	212	3195	65
212	12	3195	65
12	720	1605	3240
720	12	1605	3240
13	224	1966	185
224	13	1966	185
13	647	2135	1312
647	13	2135	1312
13	711	1962	794
711	13	1962	794
13	782	2759	905
782	13	2759	905
14	408	2013	738
408	14	2013	738
14	419	2062	125
419	14	2062	125
14	544	2263	261
544	14	2263	261
14	555	2215	1098
555	14	2215	1098
15	630	2276	596
630	15	2276	596
15	668	2507	769
668	15	2507	769
15	779	3107	169
779	15	3107	169
16	139	1927	245
139	16	1927	245
16	686	2809	3924
686	16	2809	3924
16	750	2209	144
750	16	2209	144
17	597	1714	853
597	17	1714	853
17	731	1684	410
731	17	1684	410
17	735	2044	26
735	17	2044	26
18	372	1847	313
372	18	1847	313
18	409	2808	72
409	18	2808	72
18	542	2830	650
542	18	2830	650
19	384	2690	122
384	19	2690	122
19	538	1674	85
538	19	1674	85
19	655	1625	1586
655	19	1625	1586
20	98	2545	985
98	20	2545	985
20	225	3022	521
225	20	3022	521
20	372	3077	656
372	20	3077	656
20	409	2157	533
409	20	2157	533
20	446	2829	730
446	20	2829	730
20	598	2672	1754
598	20	2672	1754
21	736	2631	848
736	21	2631	848
21	785	1795	10201
785	21	1795	10201
22	315	3155	288
315	22	3155	288
22	423	1711	1098
423	22	1711	1098
22	551	3178	1073
551	22	3178	1073
22	649	2317	405
649	22	2317	405
22	650	2518	788
650	22	2518	788
23	130	2939	53
130	23	2939	53
23	145	1697	61
145	23	1697	61
23	798	2381	45
798	23	2381	45
24	386	2261	305
386	24	2261	305
24	483	2553	65
483	24	2553	65
24	657	2507	218
657	24	2507	218
25	80	2655	157
80	25	2655	157
25	159	1791	292
159	25	1791	292
25	589	3139	1696
589	25	3139	1696
25	738	2751	1381
738	25	2751	1381
26	77	2750	34
77	26	2750	34
26	92	2571	317
92	26	2571	317
26	590	2127	850
590	26	2127	850
26	679	1919	296
679	26	1919	296
26	760	1894	370
760	26	1894	370
27	330	2911	109
330	27	2911	109
27	593	2479	2069
593	27	2479	2069
27	750	3151	4772
750	27	3151	4772
28	648	1715	3194
648	28	1715	3194
28	676	2122	685
676	28	2122	685
28	780	1940	545
780	28	1940	545
29	228	2081	485
228	29	2081	485
29	519	2253	2978
519	29	2253	2978
29	629	2980	4013
629	29	2980	4013
29	689	2817	6697
689	29	2817	6697
30	463	2955	1306
463	30	2955	1306
30	466	2386	468
466	30	2386	468
30	585	2247	985
585	30	2247	985
30	681	1823	2920
681	30	1823	2920
31	259	1795	346
259	31	1795	346
31	490	2191	337
490	31	2191	337
31	793	3006	4141
793	31	3006	4141
32	111	1955	65
111	32	1955	65
32	725	1938	514
725	32	1938	514
32	780	2409	676
780	32	2409	676
33	525	1747	1280
525	33	1747	1280
34	61	2725	173
61	34	2725	173
34	96	1716	117
96	34	1716	117
34	296	1751	340
296	34	1751	340
34	609	3173	545
609	34	3173	545
34	788	2734	1412
788	34	2734	1412
35	133	2013	173
133	35	2013	173
35	174	1610	173
174	35	1610	173
35	771	2857	1973
771	35	2857	1973
36	403	2903	320
403	36	2903	320
36	519	2267	320
519	36	2267	320
36	585	2905	340
585	36	2905	340
36	629	1910	4181
629	36	1910	4181
36	684	2730	2281
684	36	2730	2281
37	66	2247	325
66	37	2247	325
37	227	3041	522
227	37	3041	522
37	621	1814	698
621	37	1814	698
38	163	1921	122
163	38	1921	122
38	331	2165	208
331	38	2165	208
38	454	1696	1156
454	38	1696	1156
38	608	1957	1588
608	38	1957	1588
38	656	2942	400
656	38	2942	400
38	707	2480	17
707	38	2480	17
39	322	2622	1010
322	39	2622	1010
39	553	2431	925
553	39	2431	925
39	757	2841	3877
757	39	2841	3877
40	559	2330	1160
559	40	2330	1160
40	792	2582	404
792	40	2582	404
41	637	2639	2984
637	41	2639	2984
41	638	1892	482
638	41	1892	482
41	654	2748	125
654	41	2748	125
41	742	2586	1769
742	41	2586	1769
41	747	3060	1744
747	41	3060	1744
41	776	3015	500
776	41	3015	500
42	554	2415	562
554	42	2415	562
42	610	2180	1009
610	42	2180	1009
42	746	2328	125
746	42	2328	125
43	534	2313	1669
534	43	2313	1669
43	628	1696	2708
628	43	1696	2708
43	725	2322	685
725	43	2322	685
44	196	1763	32
196	44	1763	32
44	372	2283	85
372	44	2283	85
44	687	2713	25
687	44	2713	25
45	48	1612	109
48	45	1612	109
45	637	3118	520
637	45	3118	520
45	654	1649	1781
654	45	1649	1781
45	742	1999	281
742	45	1999	281
46	91	1817	260
91	46	1817	260
46	576	2082	625
576	46	2082	625
46	678	2964	360
678	46	2964	360
47	124	1887	113
124	47	1887	113
47	265	2644	505
265	47	2644	505
47	576	1691	3413
576	47	1691	3413
47	678	3142	2740
678	47	3142	2740
47	755	1983	265
755	47	1983	265
47	771	1705	3636
771	47	1705	3636
48	479	1804	1037
479	48	1804	1037
48	637	1649	801
637	48	1649	801
48	654	1679	2594
654	48	1679	2594
48	728	2034	4850
728	48	2034	4850
49	203	3183	338
203	49	3183	338
49	461	2731	757
461	49	2731	757
49	611	2241	122
611	49	2241	122
49	631	3103	1165
631	49	3103	1165
49	736	3135	104
736	49	3135	104
50	468	3198	865
468	50	3198	865
50	500	2637	925
500	50	2637	925
50	638	1675	1093
638	50	1675	1093
50	639	2060	533
639	50	2060	533
50	654	2944	1802
654	50	2944	1802
50	728	1651	2930
728	50	1651	2930
51	439	2463	505
439	51	2463	505
51	562	2664	1037
562	51	2664	1037
51	693	2530	157
693	51	2530	157
51	722	2026	1424
722	51	2026	1424
51	756	2535	466
756	51	2535	466
52	131	1978	181
131	52	1978	181
52	444	2591	529
444	52	2591	529
52	663	1998	1361
663	52	1998	1361
53	443	2210	130
443	53	2210	130
53	666	2735	34
666	53	2735	34
53	796	3018	2405
796	53	3018	2405
54	367	1955	545
367	54	1955	545
54	591	1607	1226
591	54	1607	1226
54	633	2660	1325
633	54	2660	1325
54	637	2259	4409
637	54	2259	4409
54	667	1990	1609
667	54	1990	1609
54	759	1987	461
759	54	1987	461
55	472	2614	52
472	55	2614	52
55	536	2687	245
536	55	2687	245
55	652	2086	180
652	55	2086	180
56	195	3046	1369
195	56	3046	1369
56	469	1757	1480
469	56	1757	1480
56	615	1603	2900
615	56	1603	2900
56	738	3080	2074
738	56	3080	2074
57	235	2501	629
235	57	2501	629
57	328	3057	281
328	57	3057	281
57	497	2599	4625
497	57	2599	4625
57	506	2564	1469
506	57	2564	1469
57	674	1920	2633
674	57	1920	2633
57	795	2123	697
795	57	2123	697
58	332	2845	1394
332	58	2845	1394
58	538	3079	3253
538	58	3079	3253
58	557	2762	2176
557	58	2762	2176
58	655	1883	1754
655	58	1883	1754
58	795	2255	5045
795	58	2255	5045
59	87	2726	245
87	59	2726	245
60	418	2947	661
418	60	2947	661
60	558	2082	5906
558	60	2082	5906
60	697	2863	122
697	60	2863	122
60	793	3181	1636
793	60	3181	1636
61	96	1934	98
96	61	1934	98
61	296	2936	481
296	61	2936	481
61	609	2784	522
609	61	2784	522
61	796	2025	1877
796	61	2025	1877
62	344	2243	1049
344	62	2243	1049
62	382	2293	1205
382	62	2293	1205
62	681	2686	160
681	62	2686	160
62	790	2777	3485
790	62	2777	3485
63	155	2572	548
155	63	2572	548
63	203	1659	650
203	63	1659	650
63	461	1940	2809
461	63	1940	2809
63	548	3147	1229
548	63	3147	1229
64	362	2464	169
362	64	2464	169
64	495	2026	1553
495	64	2026	1553
64	542	2389	697
542	64	2389	697
64	754	2879	505
754	64	2879	505
65	320	2468	369
320	65	2468	369
65	738	1663	2386
738	65	1663	2386
66	227	1692	397
227	66	1692	397
66	258	2930	370
258	66	2930	370
66	355	2150	260
355	66	2150	260
66	596	2422	3274
596	66	2422	3274
66	621	2185	1973
621	66	2185	1973
66	725	2132	1210
725	66	2132	1210
67	349	2297	488
349	67	2297	488
67	434	3092	677
434	67	3092	677
67	531	2821	1697
531	67	2821	1697
67	560	3084	793
560	67	3084	793
67	677	2470	720
677	67	2470	720
68	557	2370	41
557	68	2370	41
68	655	1721	1849
655	68	1721	1849
69	451	3037	164
451	69	3037	164
69	675	1856	5540
675	69	1856	5540
69	778	2793	533
778	69	2793	533
70	184	2511	394
184	70	2511	394
70	534	2307	356
534	70	2307	356
70	616	2562	25
616	70	2562	25
70	723	2971	548
723	70	2971	548
71	276	2368	850
276	71	2368	850
71	720	2771	6725
720	71	2771	6725
71	741	2512	1160
741	71	2512	1160
71	760	3088	2965
760	71	3088	2965
72	187	2946	106
187	72	2946	106
72	676	1806	106
676	72	1806	106
72	780	2684	26
780	72	2684	26
72	797	3007	212
797	72	3007	212
73	539	2920	173
539	73	2920	173
73	547	2202	1130
547	73	2202	1130
73	566	3047	820
566	73	3047	820
74	559	1937	1538
559	74	1937	1538
74	625	2102	3869
625	74	2102	3869
74	691	1816	3917
691	74	1816	3917
74	792	2348	586
792	74	2348	586
75	557	3011	3917
557	75	3011	3917
75	655	3083	557
655	75	3083	557
76	171	2710	37
171	76	2710	37
76	217	1694	596
217	76	1694	596
76	555	2914	1088
555	76	2914	1088
76	789	1939	1345
789	76	1939	1345
77	200	1918	298
200	77	1918	298
77	513	3073	265
513	77	3073	265
77	679	1936	146
679	77	1936	146
78	414	1970	425
414	78	1970	425
78	458	2005	745
458	78	2005	745
78	709	2789	4885
709	78	2789	4885
78	760	1768	3757
760	78	1768	3757
79	110	1998	212
110	79	1998	212
79	416	1956	1508
416	79	1956	1508
79	563	2923	848
563	79	2923	848
79	749	2422	712
749	79	2422	712
80	159	2798	169
159	80	2798	169
80	283	1747	256
283	80	1747	256
81	236	2411	676
236	81	2411	676
81	512	2397	1105
512	81	2397	1105
81	632	2393	4545
632	81	2393	4545
81	691	1958	738
691	81	1958	738
82	216	2052	170
216	82	2052	170
82	719	2267	1229
719	82	2267	1229
82	800	2976	493
800	82	2976	493
83	278	2962	130
278	83	2962	130
83	467	2626	37
467	83	2626	37
83	770	3016	544
770	83	3016	544
84	166	1804	784
166	84	1804	784
84	270	2655	234
270	84	2655	234
84	505	1649	202
505	84	1649	202
84	608	2494	1573
608	84	2494	1573
84	685	1605	3602
685	84	1605	3602
84	721	2065	1640
721	84	2065	1640
85	194	3131	277
194	85	3131	277
85	471	2123	845
471	85	2123	845
85	646	1673	797
646	85	1673	797
85	672	1799	337
672	85	1799	337
85	799	2680	148
799	85	2680	148
86	202	1620	468
202	86	1620	468
86	411	1966	394
411	86	1966	394
86	608	1874	1602
608	86	1874	1602
86	690	2299	1170
690	86	2299	1170
86	773	1871	362
773	86	1871	362
87	490	2195	3218
490	87	2195	3218
87	527	2280	2665
527	87	2280	2665
87	719	2834	6500
719	87	2834	6500
87	793	1725	8144
793	87	1725	8144
88	259	2618	337
259	88	2618	337
88	490	2431	808
490	88	2431	808
88	662	2819	193
662	88	2819	193
88	744	2436	2594
744	88	2436	2594
89	213	2916	193
213	89	2916	193
89	434	1648	841
434	89	1648	841
89	601	2865	605
601	89	2865	605
89	640	2323	17
640	89	2323	17
90	190	2689	1090
190	90	2689	1090
90	564	2024	1217
564	90	2024	1217
90	569	2746	2498
569	90	2746	2498
90	632	1784	34
632	90	1784	34
90	691	3121	8125
691	90	3121	8125
90	758	3029	50
758	90	3029	50
91	576	3135	145
576	91	3135	145
91	678	2825	20
678	91	2825	20
92	200	2172	169
200	92	2172	169
92	276	1998	490
276	92	1998	490
92	741	2337	1156
741	92	2337	1156
92	760	2441	61
760	92	2441	61
93	509	2033	1453
509	93	2033	1453
93	645	2647	29
645	93	2647	29
94	182	3161	157
182	94	3161	157
94	463	2414	773
463	94	2414	773
94	466	2016	925
466	94	2016	925
94	696	2581	1845
696	94	2581	1845
95	462	2702	1025
462	95	2702	1025
95	600	2863	1282
600	95	2863	1282
95	617	2002	1409
617	95	2002	1409
95	747	1937	1658
747	95	1937	1658
96	609	2555	200
609	96	2555	200
97	228	2111	116
228	97	2111	116
97	294	2423	8
294	97	2423	8
97	727	2501	661
727	97	2501	661
98	409	2642	1082
409	98	2642	1082
98	683	2202	1042
683	98	2202	1042
99	116	1904	1224
116	99	1904	1224
99	529	2671	2916
529	99	2671	2916
99	691	1770	5161
691	99	1770	5161
99	701	2641	2125
701	99	2641	2125
99	792	2539	3562
792	99	2539	3562
100	521	2400	104
521	100	2400	104
100	642	1697	5365
642	100	1697	5365
101	344	2478	1490
344	101	2478	1490
101	692	3130	4904
692	101	3130	4904
101	790	2671	4338
790	101	2671	4338
102	430	2643	1040
430	102	2643	1040
102	459	2909	548
459	102	2909	548
102	590	3150	122
590	102	3150	122
102	744	2460	2176
744	102	2460	2176
103	342	2989	673
342	103	2989	673
103	547	1743	689
547	103	1743	689
103	711	2582	340
711	103	2582	340
103	733	1731	386
733	103	1731	386
103	782	2339	493
782	103	2339	493
104	713	2261	218
713	104	2261	218
105	147	2774	1090
147	105	2774	1090
105	460	2217	1546
460	105	2217	1546
105	691	3062	3125
691	105	3062	3125
105	701	2255	2105
701	105	2255	2105
105	796	3068	1105
796	105	3068	1105
106	432	1734	148
432	106	1734	148
106	566	3094	724
566	106	3094	724
106	642	1757	1525
642	106	1757	1525
106	781	3155	2818
781	106	3155	2818
107	145	2581	401
145	107	2581	401
107	237	2330	130
237	107	2330	130
107	644	1644	773
644	107	1644	773
107	769	2693	1033
769	107	2693	1033
107	798	2572	461
798	107	2572	461
108	277	2562	794
277	108	2562	794
108	391	2839	784
391	108	2839	784
108	452	1757	360
452	108	1757	360
108	525	2055	317
525	108	2055	317
108	613	2520	1261
613	108	2520	1261
108	670	2282	740
670	108	2282	740
109	214	1654	328
214	109	1654	328
109	566	1863	5540
566	109	1863	5540
109	574	3154	1450
574	109	3154	1450
109	596	1801	722
596	109	1801	722
110	113	1659	425
113	110	1659	425
110	563	3153	1060
563	110	3153	1060
110	749	2315	884
749	110	2315	884
111	725	2049	373
725	111	2049	373
111	780	2433	337
780	111	2433	337
111	797	1672	661
797	111	1672	661
112	136	1983	1530
136	112	1983	1530
112	692	2452	16645
692	112	2452	16645
112	775	2047	32045
775	112	2047	32045
112	790	1819	4397
790	112	1819	4397
113	418	2395	965
418	113	2395	965
113	563	1706	617
563	113	1706	617
113	664	1793	922
664	113	1793	922
114	352	3029	185
352	114	3029	185
114	651	3011	5785
651	114	3011	5785
114	709	2194	221
709	114	2194	221
114	730	2908	10730
730	114	2908	10730
115	405	3048	997
405	115	3048	997
115	432	2288	1205
432	115	2288	1205
115	472	1659	232
472	115	1659	232
115	652	1771	296
652	115	1771	296
116	465	2646	877
465	116	2646	877
116	529	1790	900
529	116	1790	900
116	792	2684	1090
792	116	2684	1090
117	309	3124	144
309	117	3124	144
117	414	1902	232
414	117	1902	232
117	458	1805	468
458	117	1805	468
117	537	2533	113
537	117	2533	113
118	443	2867	365
443	118	2867	365
118	565	3037	505
565	118	3037	505
118	619	2004	421
619	118	2004	421
119	624	1903	1154
624	119	1903	1154
120	314	3167	922
314	120	3167	922
120	533	1927	1556
533	120	1927	1556
120	557	2292	1108
557	120	2292	1108
120	795	3135	937
795	120	3135	937
121	335	1847	16
335	121	1847	16
121	521	2440	2386
521	121	2440	2386
121	690	3017	1517
690	121	3017	1517
121	773	2829	2637
773	121	2829	2637
122	489	2791	3816
489	122	2791	3816
122	580	2177	833
580	122	2177	833
122	602	2866	745
602	122	2866	745
122	741	2228	2349
741	122	2228	2349
122	770	2127	2493
770	122	2127	2493
123	225	2929	265
225	123	2929	265
123	339	1615	629
339	123	1615	629
123	372	1901	346
372	123	1901	346
123	438	1726	761
438	123	1726	761
123	687	2429	404
687	123	2429	404
124	189	2867	520
189	124	2867	520
124	678	2496	3601
678	124	2496	3601
124	755	3174	164
755	124	3174	164
125	447	3137	1305
447	125	3137	1305
125	487	3148	580
487	125	3148	580
125	636	2091	901
636	125	2091	901
125	755	1771	1696
755	125	1771	1696
125	771	2604	3485
771	125	2604	3485
126	141	2492	136
141	126	2492	136
126	297	2315	1009
297	126	2315	1009
126	576	2496	50
576	126	2496	50
126	678	2777	445
678	126	2777	445
126	680	2076	416
680	126	2076	416
127	582	2571	1096
582	127	2571	1096
127	682	2293	1493
682	127	2293	1493
127	695	2783	1649
695	127	2783	1649
128	368	1648	313
368	128	1648	313
128	738	2522	2192
738	128	2522	2192
128	800	2236	4649
800	128	2236	4649
129	197	2954	52
197	129	2954	52
129	292	2311	613
292	129	2311	613
129	574	1784	466
574	129	1784	466
129	767	1912	801
767	129	1912	801
129	768	2228	610
768	129	2228	610
130	145	1791	208
145	130	1791	208
130	641	2580	3625
641	130	2580	3625
130	678	2769	4616
678	130	2769	4616
130	769	2291	2906
769	130	2291	2906
130	798	2164	170
798	130	2164	170
131	444	2707	1170
444	131	2707	1170
131	559	1601	1282
559	131	1601	1282
131	625	2199	265
625	131	2199	265
131	663	2770	1700
663	131	2770	1700
132	202	2152	468
202	132	2152	468
132	378	2490	52
378	132	2490	52
132	583	1641	829
583	132	1641	829
132	721	3083	793
721	132	3083	793
132	773	2728	170
773	132	2728	170
133	174	2779	346
174	133	2779	346
133	771	2976	1066
771	133	2976	1066
134	201	2671	400
201	134	2671	400
134	441	1666	320
441	134	1666	320
134	575	2213	596
575	134	2213	596
134	618	3013	122
618	134	3013	122
134	649	2204	725
649	134	2204	725
134	650	1710	650
650	134	1710	650
135	360	2004	853
360	135	2004	853
135	558	3074	2720
558	135	3074	2720
135	675	2262	2693
675	135	2262	2693
135	793	1884	3770
793	135	1884	3770
136	464	2963	1289
464	136	2963	1289
136	788	2685	26
788	136	2685	26
136	790	2287	1325
790	136	2287	1325
137	305	2658	970
305	137	2658	970
137	342	3064	370
342	137	3064	370
137	547	2262	548
547	137	2262	548
137	566	2835	178
566	137	2835	178
137	596	2474	5384
596	137	2474	5384
137	733	1968	2153
733	137	1968	2153
138	395	2523	565
395	138	2523	565
138	494	2267	29
494	138	2267	29
138	568	1791	793
568	138	1791	793
138	702	1677	2205
702	138	1677	2205
138	708	1985	3133
708	138	1985	3133
138	753	2250	377
753	138	2250	377
139	393	2776	778
393	139	2776	778
139	683	2856	3242
683	139	2856	3242
139	750	2703	557
750	139	2703	557
140	361	1993	845
361	140	1993	845
140	589	1612	5
589	140	1612	5
140	738	1978	4660
738	140	1978	4660
140	772	3181	3330
772	140	3181	3330
141	325	1982	410
325	141	1982	410
141	576	3169	146
576	141	3169	146
141	680	1645	232
680	141	1645	232
142	408	3030	261
408	142	3030	261
142	544	1972	2880
544	142	1972	2880
142	637	2172	745
637	142	2172	745
142	667	2419	5445
667	142	2419	5445
143	568	3099	4050
568	143	3099	4050
143	689	2760	1937
689	143	2760	1937
143	731	2244	977
731	143	2244	977
143	735	2940	1913
735	143	2940	1913
144	418	1651	202
418	144	1651	202
144	558	2917	2285
558	144	2917	2285
144	749	2543	5954
749	144	2543	5954
145	769	2255	1618
769	145	2255	1618
145	798	2317	82
798	145	2317	82
146	383	1612	325
383	146	1612	325
146	676	2571	2756
676	146	2571	2756
146	717	2325	585
717	146	2325	585
147	443	2382	1028
443	147	2382	1028
147	460	1884	720
460	147	1884	720
147	619	2883	2056
619	147	2883	2056
147	701	3048	2425
701	147	3048	2425
147	796	2763	125
796	147	2763	125
148	480	3111	1460
480	148	3111	1460
148	570	2665	1696
570	148	2665	1696
148	678	2159	4033
678	148	2159	4033
149	425	1818	904
425	149	1818	904
149	499	2623	124618
499	149	2623	124618
149	779	2310	4420
779	149	2310	4420
149	785	1950	32404
785	149	1950	32404
150	556	3134	34
556	150	3134	34
150	698	1617	1369
698	150	1617	1369
151	444	2361	1224
444	151	2361	1224
151	615	3164	13177
615	151	3164	13177
151	663	2659	626
663	151	2659	626
151	772	1715	801
772	151	1715	801
152	267	2164	941
267	152	2164	941
152	460	2406	729
460	152	2406	729
152	478	2911	890
478	152	2911	890
152	609	1720	305
609	152	1720	305
152	757	2375	5525
757	152	2375	5525
153	402	2228	37
402	153	2228	37
153	606	2025	740
606	153	2025	740
153	698	1721	137
698	153	1721	137
154	606	1881	130
606	154	1881	130
154	675	2240	271442
675	154	2240	271442
154	698	2182	1145
698	154	2182	1145
154	730	1688	16762
730	154	1688	16762
154	761	2879	3106
761	154	2879	3106
155	203	2789	346
203	155	2789	346
155	552	2775	100
552	155	2775	100
156	532	1723	433
532	156	1723	433
156	634	1862	1490
634	156	1862	1490
156	739	2356	634
739	156	2356	634
157	168	2059	442
168	157	2059	442
157	546	2303	244
546	157	2303	244
157	690	2668	261
690	157	2668	261
158	327	2635	1073
327	158	2635	1073
158	704	3029	75626
704	158	3029	75626
158	716	2069	1082
716	158	2069	1082
159	250	2137	212
250	159	2137	212
159	283	2425	265
283	159	2425	265
160	499	2496	488605
499	160	2496	488605
160	525	2714	1205
525	160	2714	1205
160	626	2127	577604
626	160	2127	577604
161	424	2297	617
424	161	2297	617
161	578	2282	1069
578	161	2282	1069
161	682	2516	1409
682	161	2516	1409
162	519	1638	40
519	162	1638	40
162	681	2784	5441
681	162	2784	5441
163	454	2310	986
454	163	2310	986
163	538	2471	1546
538	163	2471	1546
163	608	2000	1370
608	163	2000	1370
163	656	2040	290
656	163	2040	290
163	707	1724	53
707	163	1724	53
164	220	1772	409
220	164	1772	409
164	326	2865	356
326	164	2865	356
164	549	2926	5330
549	164	2926	5330
164	674	2995	833
674	164	2995	833
165	589	1778	7561
589	165	1778	7561
165	703	2761	2669
703	165	2761	2669
165	719	1859	1469
719	165	1859	1469
165	800	1961	3973
800	165	1961	3973
166	583	1644	1522
583	166	1644	1522
166	685	2758	5002
685	166	2758	5002
166	721	2996	1640
721	166	2996	1640
166	768	1949	932
768	166	1949	932
167	484	3132	360
484	167	3132	360
167	503	2983	1160
503	167	2983	1160
167	775	2873	1225
775	167	2873	1225
168	310	2934	181
310	168	2934	181
168	546	2979	90
546	168	2979	90
168	613	1762	274
613	168	1762	274
168	670	1884	257
670	168	1884	257
168	690	2283	745
690	168	2283	745
169	260	3164	450
260	169	3164	450
169	484	3102	538
484	169	3102	538
169	701	2118	2152
701	169	2118	2152
170	361	2832	968
361	170	2832	968
170	496	3009	1325
496	170	3009	1325
170	501	2299	5477
501	170	2299	5477
170	663	3121	776
663	170	3121	776
170	772	2447	9
772	170	2447	9
171	548	1890	104
548	171	1890	104
171	789	1792	1508
789	171	1792	1508
172	530	3138	2978
530	172	3138	2978
172	686	2419	3133
686	172	2419	3133
172	708	2090	1460
708	172	2090	1460
172	750	3035	4141
750	172	3035	4141
173	333	2967	1600
333	173	2967	1600
173	610	2446	1602
610	173	2446	1602
173	704	2149	47125
704	173	2149	47125
173	716	2527	5437
716	173	2527	5437
174	325	2386	1069
325	174	2386	1069
174	576	1947	1073
576	174	1947	1073
174	771	2255	2592
771	174	2255	2592
175	508	1748	1690
508	175	1748	1690
175	545	2310	2916
545	175	2310	2916
175	571	2659	2617
571	175	2659	2617
175	658	2448	4105
658	175	2448	4105
175	762	3158	4082
762	175	3158	4082
176	322	2609	365
322	176	2609	365
176	407	1875	122
407	176	1875	122
176	790	2349	514
790	176	2349	514
177	405	2000	442
405	177	2000	442
177	536	2359	370
536	177	2359	370
177	652	1657	265
652	177	1657	265
178	336	2408	13
336	178	2408	13
178	509	2073	1017
509	178	2073	1017
179	247	2050	101
247	179	2050	101
179	274	2592	149
274	179	2592	149
179	390	2578	250
390	179	2578	250
179	720	2802	882
720	179	2802	882
180	195	1735	90
195	180	1735	90
180	320	2624	442
320	180	2624	442
180	364	1604	377
364	180	1604	377
180	738	1773	3545
738	180	1773	3545
181	489	2634	712
489	181	2634	712
181	511	3130	53
511	181	3130	53
181	741	2448	6757
741	181	2448	6757
182	341	1683	794
341	182	1683	794
182	466	2969	612
466	182	2969	612
182	620	2773	1754
620	182	2773	1754
183	793	3013	1069
793	183	3013	1069
184	534	1837	866
534	184	1837	866
184	588	1968	1053
588	184	1968	1053
184	596	2089	1172
596	184	2089	1172
184	616	1716	225
616	184	1716	225
184	725	3164	8180
725	184	3164	8180
185	212	2792	116
212	185	2792	116
185	489	2566	1313
489	185	2566	1313
185	511	1855	754
511	185	1855	754
185	545	2090	65
545	185	2090	65
185	658	2731	1450
658	185	2731	1450
186	204	2349	109
204	186	2349	109
186	549	2726	634
549	186	2726	634
186	584	2219	74
584	186	2219	74
187	507	3029	1114
507	187	3029	1114
187	676	2733	100
676	187	2733	100
187	797	3035	106
797	187	3035	106
188	199	3175	146
199	188	3175	146
188	204	2669	225
204	188	2669	225
188	220	1993	337
220	188	1993	337
188	326	2957	370
326	188	2957	370
188	584	1950	640
584	188	1950	640
189	678	2095	6309
678	189	2095	6309
189	755	1892	676
755	189	1892	676
189	769	3192	4525
769	189	3192	4525
190	569	2918	2720
569	190	2918	2720
190	625	1991	3893
625	190	1991	3893
190	691	1828	5765
691	190	1828	5765
191	340	1767	370
340	191	1767	370
191	429	3052	1098
429	191	3052	1098
191	492	2289	281
492	191	2289	281
191	523	2764	794
523	191	2764	794
191	783	2938	1217
783	191	2938	1217
192	551	2902	2930
551	192	2902	2930
192	592	2556	3121
592	192	2556	3121
192	607	2295	125
607	192	2295	125
192	794	2135	293
794	192	2135	293
193	386	1884	1300
386	193	1884	1300
193	483	2485	244
483	193	2485	244
193	570	2995	2425
570	193	2995	2425
193	693	2905	1570
693	193	2905	1570
194	241	2828	509
241	194	2828	509
194	646	2075	544
646	194	2075	544
194	672	2599	74
672	194	2599	74
194	747	2605	1069
747	194	2605	1069
195	364	1936	689
364	195	1936	689
195	615	1826	1669
615	195	1826	1669
196	306	2574	200
306	196	2574	200
196	372	2786	205
372	196	2786	205
196	687	1893	1
687	196	1893	1
197	292	2500	313
292	197	2500	313
197	574	2019	626
574	197	2019	626
198	402	1830	305
402	198	1830	305
198	573	1899	626
573	198	1899	626
198	698	1620	557
698	198	1620	557
199	326	2252	128
326	199	2252	128
199	584	1781	1394
584	199	1781	1394
199	674	2349	641
674	199	2349	641
199	784	2219	1810
784	199	2219	1810
200	276	1831	113
276	200	1831	113
200	513	2918	1037
513	200	2918	1037
200	741	1933	441
741	200	1933	441
201	351	2233	50
351	201	2233	50
201	618	2559	226
618	201	2559	226
201	649	2038	461
649	201	2038	461
201	700	2482	50
700	201	2482	50
202	378	2448	832
378	202	2448	832
202	608	3024	882
608	202	3024	882
202	721	3171	481
721	202	3171	481
202	773	2537	410
773	202	2537	410
203	552	2982	146
552	203	2982	146
203	611	1824	148
611	203	1824	148
204	220	2302	340
220	204	2302	340
204	584	2971	241
584	204	2971	241
205	315	2229	137
315	205	2229	137
205	423	3022	221
423	205	3022	221
205	636	2833	65
636	205	2833	65
205	714	2416	20
714	205	2416	20
206	382	1830	400
382	206	1830	400
206	463	2794	445
463	206	2794	445
206	681	2551	725
681	206	2551	725
206	696	2663	241
696	206	2663	241
207	532	2817	1114
532	207	2817	1114
207	692	2602	4226
692	207	2602	4226
207	699	2432	274
699	207	2432	274
208	528	1751	234
528	208	1751	234
208	561	2877	181
561	208	2877	181
208	579	2255	1544
579	208	2255	1544
208	612	2048	1460
612	208	2048	1460
208	740	2940	1721
740	208	2940	1721
209	306	2282	481
306	209	2282	481
209	372	2210	866
372	209	2210	866
209	542	3123	225
542	209	3123	225
210	373	2868	962
373	210	2868	962
210	715	2856	74
715	210	2856	74
210	737	2045	61
737	210	2045	61
210	743	1979	52
743	210	1979	52
210	745	3088	1573
745	210	3088	1573
211	423	2696	461
423	211	2696	461
211	440	2081	1460
440	211	2081	1460
211	551	2034	1000
551	211	2034	1000
211	771	1903	7137
771	211	1903	7137
212	511	3028	986
511	212	3028	986
212	545	3077	137
545	212	3077	137
212	720	3097	3917
720	212	3097	3917
213	230	2665	320
230	213	2665	320
213	434	2729	628
434	213	2729	628
213	486	2962	1053
486	213	2962	1053
213	517	1808	1522
517	213	1808	1522
213	640	1878	128
640	213	1878	128
214	234	1673	148
234	214	1673	148
214	574	3157	1306
574	214	3157	1306
214	596	3171	442
596	214	3171	442
214	621	2870	449
621	214	2870	449
215	217	2845	185
217	215	2845	185
215	257	2624	521
257	215	2624	521
215	479	2346	1313
479	215	2346	1313
215	523	2363	3221
523	215	2363	3221
215	548	2384	1090
548	215	2384	1090
216	719	1803	953
719	216	1803	953
216	745	2223	1224
745	216	2223	1224
216	800	2112	905
800	216	2112	905
217	257	2292	442
257	217	2292	442
217	548	2584	1261
548	217	2584	1261
217	555	1953	1108
555	217	1953	1108
217	643	2548	1160
643	217	2548	1160
218	503	2964	577
503	218	2964	577
218	775	2462	3970
775	218	2462	3970
219	226	2775	410
226	219	2775	410
219	577	1780	500
577	219	1780	500
219	642	2297	1370
642	219	2297	1370
219	724	2625	50
724	219	2625	50
219	781	3082	925
781	219	3082	925
219	791	1711	82
791	219	1711	82
220	326	1715	269
326	220	1715	269
220	549	2532	2813
549	220	2532	2813
221	311	1895	225
311	221	1895	225
221	409	3009	1109
409	221	3009	1109
221	495	2663	65
495	221	2663	65
221	542	2314	565
542	221	2314	565
221	683	1874	349
683	221	1874	349
222	593	1887	2626
593	222	1887	2626
222	632	1935	650
632	222	1935	650
223	283	3176	178
283	223	3176	178
223	368	2235	53
368	223	2235	53
223	589	2450	5877
589	223	2450	5877
224	290	2958	394
290	224	2958	394
224	647	3117	1681
647	224	3117	1681
224	711	3106	1117
711	224	3106	1117
224	766	3137	557
766	224	3137	557
225	372	1811	729
372	225	1811	729
225	438	2146	1010
438	225	2146	1010
225	598	2081	585
598	225	2081	585
226	377	3040	305
377	226	3040	305
226	642	1910	2260
642	226	1910	2260
226	791	3124	328
791	226	3124	328
227	355	2930	389
355	227	2930	389
227	621	2616	1952
621	227	2616	1952
227	797	1713	1665
797	227	1713	1665
228	294	3198	180
294	228	3198	180
228	597	2792	1625
597	228	2792	1625
228	624	2969	5248
624	228	2969	5248
228	727	3003	1325
727	228	3003	1325
228	735	1964	2026
735	228	1964	2026
229	572	1825	720
572	229	1825	720
229	613	2241	1717
613	229	2241	1717
229	704	1686	26245
704	229	1686	26245
229	713	2113	294849
713	229	2113	294849
230	273	1647	208
273	230	1647	208
230	396	2851	712
396	230	2851	712
230	434	2268	436
434	230	2268	436
230	517	3122	1250
517	230	3122	1250
230	677	2929	425
677	230	2929	425
231	257	2562	410
257	231	2562	410
231	408	1947	776
408	231	1947	776
231	419	2114	1193
419	231	2114	1193
231	479	2084	832
479	231	2084	832
231	637	2289	1898
637	231	2289	1898
232	346	3081	73
346	232	3081	73
232	426	2464	425
426	232	2464	425
232	482	2195	125
482	232	2195	125
233	323	2029	776
323	233	2029	776
233	625	3175	3088
625	233	3175	3088
233	663	2686	2465
663	233	2686	2465
233	763	2952	488
763	233	2952	488
234	596	1846	482
596	234	1846	482
234	621	1949	145
621	234	1949	145
235	328	2950	820
328	235	2950	820
235	442	2326	1117
442	235	2326	1117
235	674	1663	2834
674	235	1663	2834
236	347	1809	481
347	236	1809	481
236	512	1793	2249
512	236	1793	2249
236	614	1946	488
614	236	1946	488
236	632	2416	5113
632	236	2416	5113
236	757	2911	2597
757	236	2911	2597
237	437	2753	1544
437	237	2753	1544
237	594	2520	2025
594	237	2520	2025
237	644	2321	1409
644	237	2321	1409
237	798	2736	257
798	237	2736	257
238	321	1899	65
321	238	1899	65
238	422	2056	754
422	238	2056	754
238	532	1989	1280
532	238	1989	1280
238	620	2931	1465
620	238	2931	1465
238	699	3183	1060
699	238	3183	1060
239	481	2420	148
481	239	2420	148
239	496	2567	793
496	239	2567	793
239	515	2990	202
515	239	2990	202
239	578	2186	1537
578	239	2186	1537
240	544	1808	1282
544	240	1808	1282
240	599	2621	1557
599	240	2621	1557
240	667	2688	793
667	240	2688	793
241	471	2798	1549
471	241	2798	1549
241	672	2649	225
672	241	2649	225
241	747	1942	1306
747	241	1942	1306
242	300	2446	125
300	242	2446	125
242	514	2573	325
514	242	2573	325
242	598	2912	250
598	242	2912	250
243	336	2004	1069
336	243	2004	1069
243	623	2770	338
623	243	2770	338
243	645	1731	1525
645	243	1731	1525
243	769	1961	698
769	243	1961	698
244	351	1631	296
351	244	1631	296
244	592	3107	980
592	244	3107	980
244	649	1934	1469
649	244	1934	1469
244	700	1701	340
700	244	1701	340
244	729	1631	554
729	244	1631	554
244	764	2873	101
764	244	2873	101
245	539	1802	200
539	245	1802	200
245	661	2178	712
661	245	2178	712
245	781	2531	1165
781	245	2531	1165
246	407	1807	257
407	246	1807	257
246	477	1714	505
477	246	1714	505
246	478	2774	578
478	246	2774	578
246	609	2772	909
609	246	2772	909
246	788	2390	1360
788	246	2390	1360
246	790	2440	1989
790	246	2440	1989
247	390	1742	109
390	247	1742	109
247	709	2321	1853
709	247	2321	1853
247	720	1896	1361
720	247	1896	1361
247	786	2156	1993
786	247	2156	1993
248	354	2048	820
354	248	2048	820
248	535	3034	3625
535	248	3034	3625
248	568	2404	1313
568	248	2404	1313
248	689	2001	2196
689	248	2001	2196
248	766	1851	4594
766	248	1851	4594
249	405	2731	1258
405	249	2731	1258
249	521	2340	1010
521	249	2340	1010
249	536	2310	2834
536	249	2310	2834
249	642	3190	1813
642	249	3190	1813
249	773	3136	5777
773	249	3136	5777
250	283	2687	265
283	250	2687	265
250	738	2887	41
738	250	2887	41
251	564	2807	370
564	251	2807	370
251	586	3012	6409
586	251	3012	6409
251	632	2614	841
632	251	2614	841
251	683	2260	6925
683	251	2260	6925
251	758	1872	745
758	251	1872	745
252	280	3075	820
280	252	3075	820
252	380	1688	1193
380	252	1688	1193
252	603	2867	521
603	252	2867	521
252	705	1758	980
705	252	1758	980
252	717	2000	3370
717	252	2000	3370
253	307	2592	725
307	253	2592	725
253	523	2735	122
523	253	2735	122
254	363	1806	500
363	254	1806	500
254	489	2096	530
489	254	2096	530
254	658	2730	461
658	254	2730	461
255	404	2988	377
404	255	2988	377
255	475	3043	530
475	255	3043	530
255	604	2390	1924
604	255	2390	1924
255	607	2244	3842
607	255	2244	3842
255	658	2136	4181
658	255	2136	4181
255	669	1793	629
669	255	1793	629
256	571	2461	409
571	256	2461	409
256	646	2404	2410
646	256	2404	2410
256	718	1705	1250
718	256	1705	1250
256	720	2735	2026
720	256	2735	2026
256	762	2801	3204
762	256	2801	3204
256	786	2728	884
786	256	2728	884
257	479	2147	298
479	257	2147	298
258	355	1764	34
355	258	1764	34
258	725	2615	260
725	258	2615	260
259	451	2760	1018
451	259	2760	1018
259	470	2389	1189
470	259	2389	1189
259	490	1786	965
490	259	1786	965
259	662	1648	90
662	259	1648	90
259	793	2486	4625
793	259	2486	4625
260	484	2760	1588
484	260	2760	1588
260	543	2225	1025
543	260	2225	1025
260	701	2158	1042
701	260	2158	1042
260	775	2505	745
775	260	2505	745
261	322	2255	793
322	261	2255	793
261	343	2967	80
343	261	2967	80
261	445	1608	605
445	261	1608	605
261	624	2736	5617
624	261	2736	5617
262	373	2688	1049
373	262	2688	1049
262	416	1903	520
416	262	1903	520
262	749	2611	212
749	262	2611	212
263	467	2390	1193
467	263	2390	1193
263	682	2673	1192
682	263	2673	1192
263	695	2818	3274
695	263	2818	3274
263	770	1890	1962
770	263	1890	1962
264	282	3165	689
282	264	3165	689
264	586	1991	692
586	264	1991	692
264	673	3183	2417
673	264	3183	2417
265	755	2389	388
755	265	2389	388
265	771	2413	1525
771	265	2413	1525
266	297	2492	425
297	266	2492	425
266	325	2585	260
325	266	2585	260
266	523	2304	1970
523	266	2304	1970
266	552	2226	5668
552	266	2226	5668
266	771	2086	4673
771	266	2086	4673
266	783	2960	3625
783	266	2960	3625
267	460	1965	1130
460	267	1965	1130
267	512	2003	2250
512	267	2003	2250
267	757	3156	2512
757	267	3156	2512
268	272	2969	212
272	268	2969	212
268	388	3130	457
388	268	3130	457
268	568	2028	916
568	268	2028	916
268	647	3172	1009
647	268	3172	1009
268	766	2476	1961
766	268	2476	1961
269	674	1640	1090
674	269	1640	1090
269	705	1623	1018
705	269	1623	1018
269	784	1625	593
784	269	1625	593
270	505	1866	100
505	270	1866	100
270	526	2383	818
526	270	2383	818
270	685	1831	2000
685	270	1831	2000
271	362	2250	1105
362	271	2250	1105
271	628	2568	4106
628	271	2568	4106
271	648	3114	5338
648	271	3114	5338
271	725	2556	3789
725	271	2556	3789
271	754	3090	3169
754	271	3090	3169
271	780	3115	3141
780	271	3115	3141
272	388	1689	725
388	272	1689	725
272	395	2541	538
395	272	2541	538
272	494	2934	720
494	272	2934	720
272	647	1910	577
647	272	1910	577
272	753	2054	490
753	272	2054	490
273	434	1704	68
434	273	1704	68
273	677	2296	433
677	273	2296	433
274	390	2635	401
390	274	2635	401
274	720	3147	1157
720	274	3147	1157
274	760	3004	7573
760	274	3004	7573
275	318	1877	1010
318	275	1877	1010
275	549	3057	692
549	275	3057	692
275	668	2058	794
668	275	2058	794
275	765	2177	1960
765	275	2177	1960
275	779	2259	2340
779	275	2259	2340
276	741	3178	218
741	276	3178	218
277	546	2000	725
546	277	2000	725
277	670	2496	458
670	277	2496	458
278	467	2987	305
467	278	2987	305
278	770	2289	306
770	278	2289	306
278	787	2033	485
787	278	2033	485
279	527	2893	533
527	279	2893	533
280	421	3183	340
421	280	3183	340
280	449	1663	369
449	280	1663	369
280	594	2306	1105
594	280	2306	1105
280	603	3021	289
603	280	3021	289
280	705	1846	1744
705	280	1846	1744
281	675	1654	8674
675	281	1654	8674
281	778	1754	725
778	281	1754	725
282	564	2366	628
564	282	2366	628
282	569	3182	1657
569	282	3182	1657
282	586	1929	1997
586	282	1929	1997
282	673	2804	5620
673	282	2804	5620
283	368	1803	221
368	283	1803	221
283	738	2728	490
738	283	2728	490
284	303	1613	234
303	284	1613	234
284	313	1640	533
313	284	1640	533
284	381	2303	149
381	284	2303	149
284	682	2798	548
682	284	2798	548
285	445	1669	197
445	285	1669	197
285	624	2582	7321
624	285	2582	7321
285	681	2779	3145
681	285	2779	3145
286	289	2621	400
289	286	2621	400
286	522	3082	49
522	286	3082	49
286	578	3118	3589
578	286	3118	3589
286	663	2995	1586
663	286	2995	1586
286	763	2116	3185
763	286	2116	3185
287	360	3184	313
360	287	3184	313
287	457	2550	50
457	287	2550	50
287	558	2296	290
558	287	2296	290
288	530	3041	1394
530	288	3041	1394
288	628	2879	145
628	288	2879	145
288	686	3196	8905
686	288	3196	8905
288	754	1715	2186
754	288	1715	2186
289	496	1687	289
496	289	1687	289
289	522	3118	225
522	289	3118	225
289	578	2705	4797
578	289	2705	4797
289	663	1799	1322
663	289	1799	1322
290	766	1652	17
766	290	1652	17
291	435	1763	245
435	291	1763	245
291	715	2428	160
715	291	2428	160
291	738	2107	13505
738	291	2107	13505
291	743	2447	234
743	291	2447	234
291	749	2807	9337
749	291	2807	9337
291	800	1600	2074
800	291	1600	2074
292	472	2730	776
472	292	2730	776
292	574	2089	1613
574	292	2089	1613
292	768	2682	1745
768	292	2682	1745
293	304	2283	538
304	293	2283	538
293	563	2584	857
563	293	2584	857
293	664	3031	292
664	293	3031	292
293	719	2421	10852
719	293	2421	10852
293	793	2815	3688
793	293	2815	3688
294	597	2821	773
597	294	2821	773
294	727	1971	545
727	294	1971	545
295	438	2414	445
438	295	2414	445
295	516	3118	1481
516	295	3118	1481
295	623	2118	3217
623	295	2118	3217
295	645	2498	1850
645	295	2498	1850
296	464	2908	113
464	296	2908	113
296	666	2823	3001
666	296	2823	3001
296	788	1784	1448
788	296	1784	1448
296	796	2323	3656
796	296	2323	3656
297	325	2212	333
325	297	2212	333
297	480	2741	5245
480	297	2741	5245
297	552	2637	4361
552	297	2637	4361
297	680	2045	425
680	297	2045	425
298	331	2938	232
331	298	2938	232
298	411	1860	180
411	298	1860	180
298	608	2008	340
608	298	2008	340
299	493	3195	145
493	299	3195	145
299	667	2249	4
667	299	2249	4
299	752	1984	314
752	299	1984	314
300	438	1615	1384
438	300	1615	1384
300	514	2527	386
514	300	2527	386
300	598	2046	205
598	300	2046	205
300	645	2596	3893
645	300	2596	3893
301	428	2655	229
428	301	2655	229
301	586	3078	125
586	301	3078	125
302	436	2258	100
436	302	2258	100
302	499	2870	712
499	302	2870	712
302	626	2072	1261
626	302	2072	1261
302	789	2577	1098
789	302	2577	1098
303	313	1975	845
313	303	1975	845
303	578	2999	2624
578	303	2999	2624
303	592	3147	853
592	303	3147	853
304	664	2127	458
664	304	2127	458
304	697	1979	848
697	304	1979	848
304	793	2581	1666
793	304	2581	1666
305	588	3158	2389
588	305	3158	2389
305	596	2125	1882
596	305	2125	1882
305	733	3023	1609
733	305	3023	1609
306	372	2608	625
372	306	2608	625
306	542	1665	1348
542	306	1665	1348
306	648	2773	4385
648	306	2773	4385
306	687	3004	229
687	306	3004	229
307	523	2428	313
523	307	2428	313
307	548	1759	1360
548	307	1759	1360
308	383	1713	1021
383	308	1713	1021
308	485	1784	1181
485	308	1784	1181
308	498	3000	17
498	308	3000	17
308	507	3043	388
507	308	3043	388
308	676	2951	794
676	308	2951	794
309	414	2414	520
414	309	2414	520
309	491	3021	1210
491	309	3021	1210
309	537	1879	65
537	309	1879	65
309	730	2418	27289
730	309	2418	27289
310	613	3092	325
613	310	3092	325
310	690	2457	680
690	310	2457	680
311	495	2457	386
495	311	2457	386
311	683	2711	232
683	311	2711	232
311	686	2231	125
686	311	2231	125
312	354	1635	629
354	312	1635	629
312	401	3041	296
401	312	3041	296
312	535	3170	1370
535	312	3170	1370
312	581	2965	530
581	312	2965	530
312	766	2440	1665
766	312	2440	1665
313	381	2525	850
381	313	2525	850
313	592	1840	1616
592	313	1840	1616
313	794	2657	2020
794	313	2657	2020
314	506	2979	5
506	314	2979	5
314	533	2879	866
533	314	2879	866
314	795	1867	325
795	314	1867	325
315	423	1750	666
423	315	1750	666
315	447	1850	1066
447	315	1850	1066
315	636	2996	386
636	315	2996	386
315	650	2879	452
650	315	2879	452
315	714	3118	53
714	315	3118	53
316	617	1767	377
617	316	1767	377
316	637	2731	1346
637	316	2731	1346
316	747	1900	3330
747	316	1900	3330
317	450	2664	41
450	317	2664	41
317	488	3104	265
488	317	3104	265
317	665	3045	629
665	317	3045	629
317	694	1946	265
694	317	1946	265
318	562	3110	26
562	318	3110	26
318	668	2686	400
668	318	2686	400
318	765	1834	898
765	318	1834	898
319	509	1666	2965
509	319	1666	2965
319	510	2141	1114
510	319	2141	1114
319	748	2801	2600
748	319	2801	2600
320	364	1769	1249
364	320	1769	1249
320	738	2550	1861
738	320	2550	1861
321	422	2841	673
422	321	2841	673
321	634	2563	424
634	321	2563	424
322	343	2516	961
343	322	2516	961
322	407	2290	569
407	322	2290	569
322	553	2375	865
553	322	2375	865
322	624	2190	6250
624	322	2190	6250
322	790	1675	1465
790	322	1675	1465
323	504	2811	2813
504	323	2811	2813
323	569	2073	3233
569	323	2073	3233
323	673	1936	634
673	323	1936	634
323	763	2391	80
763	323	2391	80
324	713	3144	5476
713	324	3144	5476
324	739	2859	1009
739	324	2859	1009
325	680	2238	26
680	325	2238	26
325	771	2383	4885
771	325	2383	4885
326	674	2480	433
674	326	2480	433
327	713	1971	6445
713	327	1971	6445
327	716	2820	485
716	327	2820	485
328	482	2353	3769
482	328	2353	3769
328	795	2762	256
795	328	2762	256
329	468	2937	613
468	329	2937	613
329	605	2502	146
605	329	2502	146
329	728	2110	242
728	329	2110	242
330	593	2557	2450
593	330	2557	2450
330	632	1941	2362
632	330	1941	2362
330	683	2278	2986
683	330	2278	2986
331	411	3168	436
411	331	3168	436
331	608	1964	1076
608	331	1964	1076
332	398	2541	530
398	332	2541	530
332	448	2195	794
448	332	2195	794
332	526	2169	1378
526	332	2169	1378
332	538	2309	6269
538	332	2309	6269
332	685	2678	292
685	332	2678	292
332	795	2592	4453
795	332	2592	4453
333	560	1872	1369
560	333	1872	1369
333	610	2771	1906
610	333	2771	1906
333	622	2738	3917
622	333	2738	3917
333	716	1855	1373
716	333	1855	1373
334	557	1665	954
557	334	1665	954
334	779	1692	20978
779	334	1692	20978
335	350	2607	1813
350	335	2607	1813
335	521	2825	2250
521	335	2825	2250
335	613	2357	4250
613	335	2357	4250
335	690	3125	1685
690	335	3125	1685
336	509	2873	1090
509	336	2873	1090
336	645	2416	1066
645	336	2416	1066
336	769	3181	1585
769	336	3181	1585
337	399	2764	490
399	337	2764	490
337	454	2128	1305
454	337	2128	1305
337	525	2195	6868
525	337	2195	6868
337	546	1774	7034
546	337	1774	7034
338	375	1808	625
375	338	1808	625
338	543	2312	149
543	338	2312	149
338	565	1673	169
565	338	1673	169
338	619	2279	37
619	338	2279	37
338	701	2109	170
701	338	2109	170
338	775	2860	2389
775	338	2860	2389
339	438	2445	466
438	339	2445	466
339	516	2319	500
516	339	2319	500
339	687	2358	853
687	339	2358	853
340	492	1987	73
492	340	1987	73
340	728	2554	1465
728	340	2554	1465
340	740	2391	577
740	340	2391	577
340	783	3053	505
783	340	3053	505
341	620	1883	488
620	341	1883	488
341	696	2805	1618
696	341	2805	1618
341	699	2032	3065
699	341	2032	3065
342	547	3195	34
547	342	3195	34
342	733	2540	1285
733	342	2540	1285
343	445	2789	685
445	343	2789	685
343	681	2312	3965
681	343	2312	3965
343	790	2884	1620
790	343	2884	1620
344	382	1786	360
382	344	1786	360
344	692	1968	2146
692	344	1968	2146
344	790	2989	5252
790	344	2989	5252
345	348	2731	449
348	345	2731	449
345	484	2263	265
484	345	2263	265
345	529	2774	578
529	345	2774	578
345	615	2696	1453
615	345	2696	1453
345	734	3070	1018
734	345	3070	1018
346	426	2904	256
426	346	2904	256
346	482	2255	338
482	346	2255	338
346	659	1693	328
659	346	1693	328
346	706	1893	580
706	346	1893	580
347	353	2849	289
353	347	2849	289
347	433	2846	90
433	347	2846	90
347	614	2746	205
614	347	2746	205
347	632	2478	5540
632	347	2478	5540
348	484	1768	370
484	348	1768	370
348	503	3184	746
503	348	3184	746
348	615	1673	424
615	348	1673	424
349	531	2444	397
531	349	2444	397
349	677	2127	104
677	349	2127	104
350	613	2747	4733
613	350	2747	4733
350	704	3113	13925
704	350	3113	13925
351	649	2394	601
649	351	2394	601
351	700	2146	20
700	351	2146	20
352	709	2039	40
709	352	2039	40
353	433	1873	277
433	353	1873	277
353	550	2695	773
550	353	2695	773
353	593	2613	325
593	353	2613	325
354	766	1696	1538
766	354	1696	1538
355	725	2186	458
725	355	2186	458
355	797	2538	866
797	355	2538	866
356	553	1887	1205
553	356	1887	1205
356	757	3040	949
757	356	3040	949
357	554	2449	6865
554	357	2449	6865
357	660	1832	461
660	357	1832	461
357	661	2251	122
661	357	2251	122
357	724	2255	7972
724	357	2255	7972
357	781	1784	4477
781	357	1784	4477
358	550	2487	425
550	358	2487	425
358	777	1964	392
777	358	1964	392
359	516	3110	265
516	359	3110	265
359	623	2361	2257
623	359	2361	2257
359	648	1627	554
648	359	1627	554
359	671	2555	424
671	359	2555	424
360	457	2000	353
457	360	2000	353
361	589	3056	738
589	361	3056	738
361	772	2092	1109
772	361	2092	1109
362	542	2519	1040
542	362	2519	1040
362	648	2244	7225
648	362	2244	7225
362	754	3167	1152
754	362	3167	1152
363	489	2364	1970
489	363	2364	1970
363	607	2156	416
607	363	2156	416
363	658	1789	1249
658	363	1789	1249
363	794	2168	196
794	363	2168	196
364	503	2496	1394
503	364	2496	1394
365	453	1907	965
453	365	1907	965
365	703	1679	1105
703	365	1679	1105
365	719	3018	1261
719	365	3018	1261
366	579	2552	820
579	366	2552	820
366	740	2942	1093
740	366	2942	1093
366	771	1830	481
771	366	1830	481
366	783	1804	365
783	366	1804	365
367	617	2954	949
617	367	2954	949
367	633	1939	180
633	367	1939	180
367	637	2663	2836
637	367	2663	2836
368	738	1650	1033
738	368	1650	1033
368	800	2446	6724
800	368	2446	6724
369	398	1608	521
398	369	1608	521
369	567	3150	1597
567	369	3150	1597
369	685	1651	809
685	369	1651	809
369	688	3053	776
688	369	3053	776
369	767	1723	3394
767	369	1723	3394
369	768	2620	6269
768	369	2620	6269
370	428	1977	290
428	370	1977	290
370	514	1766	5668
514	370	1766	5668
370	586	1791	800
586	370	1791	800
370	673	1665	613
673	370	1665	613
370	748	3100	986
748	370	3100	986
371	541	2325	1513
541	371	2325	1513
371	549	2516	625
549	371	2516	625
371	584	3123	925
584	371	3123	925
371	765	1889	2257
765	371	1889	2257
372	409	2816	373
409	372	2816	373
372	542	2021	1733
542	372	2021	1733
373	416	2048	557
416	373	2048	557
373	743	2536	1274
743	373	2536	1274
373	745	2073	1105
745	373	2073	1105
373	749	2757	2117
749	373	2757	2117
374	459	2461	400
459	374	2461	400
374	662	1842	1021
662	374	1842	1021
374	744	3000	1492
744	374	3000	1492
375	443	2662	520
443	375	2662	520
375	464	1796	6602
464	375	1796	6602
375	565	2035	164
565	375	2035	164
375	666	2985	436
666	375	2985	436
375	775	2518	3944
775	375	2518	3944
376	568	1610	3866
568	376	1610	3866
376	597	2652	3530
597	376	2652	3530
376	708	2346	986
708	376	2346	986
376	727	3055	6098
727	376	3055	6098
376	731	3102	1989
731	376	3102	1989
377	791	2252	421
791	377	2252	421
378	536	1757	1845
536	378	1757	1845
378	583	2948	977
583	378	2948	977
378	773	2795	298
773	378	2795	298
379	646	3091	1945
646	379	3091	1945
379	747	2018	442
747	379	2018	442
379	762	1664	689
762	379	1664	689
379	776	2921	290
776	379	2921	290
380	603	3122	720
603	380	3122	720
380	671	2704	2105
671	380	2704	2105
380	676	2310	4680
676	380	2310	4680
380	717	2268	3785
717	380	2268	3785
381	682	2076	229
682	381	2076	229
381	770	1843	6805
770	381	1843	6805
381	794	2418	5210
794	381	2418	5210
382	681	2840	1021
681	382	2840	1021
382	692	2748	1402
692	382	2748	1402
382	696	2789	873
696	382	2789	873
383	485	3034	272
485	383	3034	272
383	717	2870	40
717	383	2870	40
384	454	2270	2113
454	384	2270	2113
384	538	1621	13
538	384	1621	13
384	655	1655	2196
655	384	1655	2196
385	392	1948	980
392	385	1948	980
385	413	2497	250
413	385	2497	250
385	490	2832	1313
490	385	2832	1313
385	744	2554	1249
744	385	2554	1249
386	483	1603	576
483	386	1603	576
386	570	2270	1377
570	386	2270	1377
386	657	3049	389
657	386	3049	389
386	678	2064	1970
678	386	2064	1970
387	401	3101	153
401	387	3101	153
387	474	2295	45
474	387	2295	45
387	535	1737	493
535	387	1737	493
387	581	3152	73
581	387	3152	73
387	746	1797	2000
746	387	1797	2000
388	494	3001	485
494	388	3001	485
388	568	2641	81
568	388	2641	81
389	450	2435	533
450	389	2435	533
389	665	2196	29
665	389	2196	29
389	787	2117	2522
787	389	2117	2522
390	709	2506	2180
709	390	2506	2180
390	760	2406	8068
760	390	2406	8068
391	452	1879	136
452	391	1879	136
391	525	2715	485
525	391	2715	485
391	572	2840	650
572	391	2840	650
391	613	3195	1709
613	391	3195	1709
392	413	2033	530
413	392	2033	530
392	490	1685	4505
490	392	1685	4505
392	527	2856	2260
527	392	2856	2260
392	744	2631	2173
744	392	2631	2173
392	787	2342	2405
787	392	2342	2405
393	683	2976	968
683	393	2976	968
393	686	2946	685
686	393	2946	685
394	524	2155	909
524	394	2155	909
394	595	2790	1114
595	394	2790	1114
394	651	3159	388
651	394	3159	388
394	710	2445	122
710	394	2445	122
394	718	2523	980
718	394	2523	980
394	799	2117	145
799	394	2117	145
395	647	1664	1213
647	395	1664	1213
395	702	1827	1300
702	395	1827	1300
395	723	2857	2402
723	395	2857	2402
395	753	2691	20
753	395	2691	20
396	517	2433	554
517	396	2433	554
396	531	2684	916
531	396	2684	916
396	677	3001	637
677	396	3001	637
396	684	1935	1625
684	396	1935	1625
397	563	1759	1685
563	397	1759	1685
397	719	2840	4570
719	397	2840	4570
397	745	1912	1409
745	397	1912	1409
398	448	2469	200
448	398	2469	200
398	685	2626	514
685	398	2626	514
398	688	2356	37
688	398	2356	37
399	454	1655	997
454	399	1655	997
399	499	1902	324904
499	399	1902	324904
399	655	2342	6632
655	399	2342	6632
400	442	1753	320
442	400	1753	320
400	627	1747	288
627	400	1747	288
400	674	2442	1385
674	400	2442	1385
400	717	1777	877
717	400	1777	877
401	474	1840	162
474	401	1840	162
401	535	2987	442
535	401	2987	442
401	581	2863	202
581	401	2863	202
402	573	2185	1097
573	402	2185	1097
402	606	2460	925
606	402	2460	925
402	698	2348	104
698	402	2348	104
403	466	1777	533
466	403	1777	533
403	585	2740	52
585	403	2740	52
403	684	3126	1417
684	403	3126	1417
404	475	2853	585
475	404	2853	585
404	528	1974	680
528	404	1974	680
404	561	3146	1525
561	404	3146	1525
404	604	2899	637
604	404	2899	637
405	432	2405	1088
432	405	2405	1088
405	642	3162	761
642	405	3162	761
405	652	2074	505
652	405	2074	505
406	439	2434	1201
439	406	2434	1201
406	570	3111	832
570	406	3111	832
406	693	1671	677
693	406	1671	677
406	785	2163	1369
785	406	2163	1369
407	477	2375	1108
477	407	2375	1108
407	553	1854	1066
553	407	1854	1066
407	790	2070	932
790	407	2070	932
408	419	2744	653
419	408	2744	653
409	542	2631	962
542	409	2631	962
409	683	2061	2000
683	409	2061	2000
410	459	1636	936
459	410	1636	936
410	470	2245	1522
470	410	2245	1522
410	491	3077	6376
491	410	3077	6376
410	590	2620	2890
590	410	2620	2890
410	653	2235	2549
653	410	2235	2549
410	662	2606	2561
662	410	2606	2561
410	778	2254	1220
778	410	2254	1220
411	546	2292	2941
546	411	2292	2941
411	608	2567	712
608	411	2567	712
411	690	2471	2152
690	411	2471	2152
412	520	2593	1220
520	412	2593	1220
412	578	2766	725
578	412	2766	725
412	774	2913	1521
774	412	2913	1521
413	744	1906	689
744	413	1906	689
414	458	2726	1060
458	414	2726	1060
415	496	2322	977
496	415	2322	977
415	501	2548	1597
501	415	2548	1597
415	515	2180	340
515	415	2180	340
415	582	3035	522
582	415	3035	522
416	563	1629	3412
563	416	1629	3412
416	745	2756	698
745	416	2756	698
416	749	2574	1348
749	416	2574	1348
417	431	1776	41
431	417	1776	41
417	641	2446	866
641	417	2446	866
417	657	2015	404
657	417	2015	404
417	678	1763	857
678	417	1763	857
418	558	3153	3809
558	418	3153	3809
418	664	3169	2561
664	418	3169	2561
418	697	2679	1321
697	418	2679	1321
418	749	2514	5392
749	418	2514	5392
419	555	1856	593
555	419	1856	593
419	643	2376	397
643	419	2376	397
420	429	2929	245
429	420	2929	245
420	479	1662	549
479	420	1662	549
420	728	2255	1440
728	420	2255	1440
421	449	3113	157
449	421	3113	157
421	594	2929	765
594	421	2929	765
421	644	2502	677
644	421	2502	677
421	726	3161	490
726	421	3161	490
422	486	1886	585
486	422	1886	585
422	620	2140	281
620	422	2140	281
422	634	2760	509
634	422	2760	509
423	487	3129	225
487	423	3129	225
423	636	3094	104
636	423	3094	104
424	578	2352	130
578	424	2352	130
424	682	1677	2080
682	424	1677	2080
425	722	2047	6705
722	425	2047	6705
425	779	2858	1508
779	425	2858	1508
425	785	2960	22500
785	425	2960	22500
426	448	1776	970
448	426	1776	970
426	482	2755	1010
482	426	2755	1010
426	567	2201	400
567	426	2201	400
426	688	3066	1145
688	426	3066	1145
426	706	2437	260
706	426	2437	260
427	471	2851	1453
471	427	2851	1453
427	600	3122	1570
600	427	3122	1570
427	606	1727	4658
606	427	1727	4658
427	635	2458	1985
635	427	2458	1985
427	712	2830	2340
712	427	2830	2340
427	730	2718	2890
730	427	2718	2890
428	586	2924	370
586	428	2924	370
429	479	2329	1088
479	429	2329	1088
429	728	3109	1853
728	429	3109	1853
430	513	2902	221
513	430	2902	221
430	590	2179	1314
590	430	2179	1314
430	679	2578	160
679	430	2578	160
430	744	1684	464
744	430	1684	464
431	657	2870	229
657	431	2870	229
431	678	2990	706
678	431	2990	706
432	642	1746	953
642	432	1746	953
433	550	1775	178
550	433	1775	178
433	614	3060	265
614	433	3060	265
434	560	1619	2858
560	434	1619	2858
434	601	3125	2722
601	434	3125	2722
434	677	2799	821
677	434	2799	821
434	713	2166	4436
713	434	2166	4436
434	716	2798	2890
716	434	2798	2890
435	715	1822	125
715	435	1822	125
435	737	1638	36
737	435	1638	36
435	800	3139	905
800	435	3139	905
436	599	1685	1429
599	436	1685	1429
436	626	2897	1037
626	436	2897	1037
436	789	3128	634
789	436	3128	634
437	541	1743	245
541	437	1743	245
437	594	2632	2669
594	437	2632	2669
437	641	2120	1090
641	437	2120	1090
437	798	2745	2197
798	437	2745	2197
438	516	2405	1018
516	438	2405	1018
438	598	2119	1073
598	438	2119	1073
439	693	2499	626
693	439	2499	626
439	756	2814	293
756	439	2814	293
439	785	2909	794
785	439	2909	794
440	551	3186	1940
551	440	3186	1940
440	612	2932	674
612	440	2932	674
440	669	2815	416
669	440	2815	416
441	510	2294	274
510	441	2294	274
441	575	3135	1044
575	441	3135	1044
441	587	1732	922
587	441	1732	922
441	618	2708	106
618	441	2708	106
441	700	2289	634
700	441	2289	634
441	729	2635	656
729	441	2635	656
442	482	2570	2146
482	442	2570	2146
442	627	3059	800
627	442	3059	800
442	674	2255	985
674	442	2255	985
443	565	1988	548
565	443	1988	548
443	666	3191	180
666	443	3191	180
444	465	2487	4505
465	444	2487	4505
444	559	2766	1588
559	444	2766	1588
444	663	2307	2810
663	444	2307	2810
445	624	2458	5716
624	445	2458	5716
445	681	1802	4034
681	445	1802	4034
446	514	1791	3797
514	446	1791	3797
446	586	2945	4525
586	446	2945	4525
446	598	2856	1796
598	446	2856	1796
447	509	2576	2885
509	447	2576	2885
447	575	1825	2320
575	447	1825	2320
447	636	1748	712
636	447	1748	712
447	755	2429	3649
755	447	2429	3649
447	769	3098	8258
769	447	3098	8258
448	482	2308	1348
482	448	2308	1348
448	688	2250	65
688	448	2250	65
448	795	2885	5389
795	448	2885	5389
449	603	1864	778
603	449	1864	778
449	623	2101	1666
623	449	2101	1666
449	671	2392	3845
671	449	2392	3845
449	726	2218	745
726	449	2218	745
450	665	1950	450
665	450	1950	450
450	694	2352	464
694	450	2352	464
450	787	2493	845
787	450	2493	845
451	470	1811	765
470	451	1811	765
451	675	2422	5032
675	451	2422	5032
451	778	2516	1249
778	451	2516	1249
451	793	2231	2353
793	451	2231	2353
452	525	2753	113
525	452	2753	113
453	527	2128	405
527	453	2128	405
453	665	2259	2249
665	453	2259	2249
453	703	1984	1384
703	453	1984	1384
453	787	2134	6602
787	453	2134	6602
454	538	2025	2452
538	454	2025	2452
454	546	2027	8081
546	454	2027	8081
454	655	2281	4633
655	454	2281	4633
454	656	2454	212
656	454	2454	212
455	501	2590	1781
501	455	2590	1781
455	589	2194	3530
589	455	2194	3530
455	665	2314	3797
665	455	2314	3797
455	703	1713	2770
703	455	1713	2770
456	513	1667	2210
513	456	1667	2210
456	580	3170	404
580	456	3170	404
456	602	2454	900
602	456	2454	900
456	741	2920	2500
741	456	2920	2500
456	744	2098	3301
744	456	2098	3301
456	770	3198	1060
770	456	3198	1060
456	787	2131	2561
787	456	2131	2561
457	558	2565	180
558	457	2565	180
458	491	2485	1450
491	458	2485	1450
458	537	2603	521
537	458	2603	521
458	540	2823	1234
540	458	2823	1234
458	653	1628	1665
653	458	1628	1665
458	760	2840	2664
760	458	2840	2664
459	590	1631	1138
590	459	1631	1138
459	662	2703	2117
662	459	2703	2117
459	744	1851	2308
744	459	1851	2308
460	796	1671	245
796	460	1671	245
461	499	2247	776
499	461	2247	776
461	548	2295	2258
548	461	2295	2258
461	631	2027	90
631	461	2027	90
461	789	1845	1690
789	461	1845	1690
462	573	2614	2225
573	462	2614	2225
462	591	2890	2218
591	462	2890	2218
462	600	1876	1021
600	462	1876	1021
462	617	1794	778
617	462	1794	778
462	633	2634	905
633	462	2634	905
463	466	2676	2938
466	463	2676	2938
463	681	2627	674
681	463	2627	674
463	684	2202	11752
684	463	2202	11752
463	696	2874	794
696	463	2874	794
464	666	2714	3650
666	464	2714	3650
464	788	2282	981
788	464	2282	981
465	529	3122	169
529	465	3122	169
465	559	2449	5077
559	465	2449	5077
465	615	2142	1700
615	465	2142	1700
465	732	1898	80
732	465	1898	80
465	734	2485	89
734	465	2485	89
465	792	2190	2305
792	465	2190	2305
466	585	2722	325
585	466	2722	325
466	620	1639	3890
620	466	1639	3890
466	684	2936	2938
684	466	2936	2938
467	695	2673	689
695	467	2673	689
467	770	2107	797
770	467	2107	797
467	787	2958	1000
787	467	2958	1000
468	604	2762	981
604	468	2762	981
468	605	1833	205
605	468	1833	205
468	639	2361	986
639	468	2361	986
468	728	2039	1625
728	468	2039	1625
469	615	1849	5300
615	469	1849	5300
469	738	2528	5210
738	469	2528	5210
469	772	1893	4612
772	469	1893	4612
470	662	2073	901
662	470	2073	901
470	778	1623	106
778	470	1623	106
471	600	2809	5065
600	471	2809	5065
471	635	2144	136
635	471	2144	136
471	672	2294	1234
672	471	2294	1234
471	710	2728	1306
710	471	2728	1306
471	730	1620	369
730	471	1620	369
471	799	1995	1409
799	471	1995	1409
472	536	2548	521
536	472	2548	521
472	566	1791	5265
566	472	1791	5265
472	652	2310	256
652	472	2310	256
472	768	1619	2117
768	472	1619	2117
473	704	2125	89
704	473	2125	89
473	724	2211	650
724	473	2211	650
473	791	1883	530
791	473	1883	530
474	581	3154	4
581	474	3154	4
475	528	2819	125
528	475	2819	125
475	612	1946	529
612	475	1946	529
475	669	2749	941
669	475	2749	941
476	573	2735	3202
573	476	2735	3202
476	591	2957	293
591	476	2957	293
476	698	2024	3481
698	476	2024	3481
476	752	2922	730
752	476	2922	730
476	759	2825	388
759	476	2825	388
477	478	1949	29
478	477	1949	29
477	553	1942	290
553	477	1942	290
478	553	3010	493
553	478	3010	493
478	609	2618	365
609	478	2618	365
478	757	2114	4581
757	478	2114	4581
479	523	1703	6280
523	479	1703	6280
479	637	1958	2810
637	479	1958	2810
479	728	1843	3501
728	479	1843	3501
480	552	1721	3418
552	480	1721	3418
480	570	2227	1348
570	480	2227	1348
480	736	2286	5090
736	480	2286	5090
481	515	2931	122
515	481	2931	122
481	578	2812	1625
578	481	2812	1625
481	582	3110	1280
582	481	3110	1280
481	682	3171	4225
682	481	3171	4225
482	627	2093	1970
627	482	2093	1970
482	659	2133	1082
659	482	2133	1082
483	641	2257	1313
641	483	2257	1313
483	657	2129	485
657	483	2129	485
483	765	2251	1970
765	483	2251	1970
484	503	3153	1040
503	484	3153	1040
484	775	2753	2677
775	484	2753	2677
485	507	2844	845
507	485	2844	845
485	627	3183	425
627	485	3183	425
485	659	3089	1961
659	485	3089	1961
485	717	2721	200
717	485	2721	200
486	517	1891	433
517	486	1891	433
486	620	1830	530
620	486	1830	530
486	634	2518	1466
634	486	2518	1466
486	640	2306	1325
640	486	2306	1325
487	636	3107	557
636	487	3107	557
487	771	2905	4205
771	487	2905	4205
488	501	2696	3218
501	488	2696	3218
488	582	1957	1885
582	488	1957	1885
488	665	1965	1538
665	488	1965	1538
488	694	2369	80
694	488	2369	80
488	695	2961	130
695	488	2961	130
489	511	2126	1105
511	489	2126	1105
489	658	3081	1105
658	489	3081	1105
489	741	3110	10809
741	489	3110	10809
489	770	1753	9225
770	489	1753	9225
489	794	2569	3314
794	489	2569	3314
490	527	2033	5525
527	490	2033	5525
490	744	2986	3194
744	490	2986	3194
491	537	2404	901
537	491	2404	901
491	653	1770	1105
653	491	1770	1105
491	675	2619	37717
675	491	2619	37717
491	730	1775	39213
730	491	1775	39213
491	778	1652	12148
778	491	1652	12148
492	783	2651	346
783	492	2651	346
493	556	2309	6065
556	493	2309	6065
493	626	2383	7813
626	493	2383	7813
493	667	2029	197
667	493	2029	197
493	752	2719	61
752	493	2719	61
494	568	2653	584
568	494	2653	584
494	753	1669	370
753	494	1669	370
495	542	2065	260
542	495	2065	260
495	686	1997	697
686	495	1997	697
495	754	2979	2164
754	495	2979	2164
496	515	2217	685
515	496	2217	685
496	578	2272	4372
578	496	2272	4372
496	663	2091	2665
663	496	2091	2665
497	506	2139	936
506	497	2139	936
497	533	2027	13
533	497	2027	13
497	674	1641	10980
674	497	1641	10980
497	779	2531	8837
779	497	2531	8837
498	507	1851	245
507	498	1851	245
498	676	3064	757
676	498	3064	757
499	626	1818	3721
626	499	1818	3721
499	631	2964	338
631	499	2964	338
499	736	2794	3205
736	499	2794	3205
499	785	2013	29954
785	499	2013	29954
499	789	1699	2362
789	499	1699	2362
500	508	2915	61
508	500	2915	61
500	638	2992	1202
638	500	2992	1202
500	639	2595	74
639	500	2595	74
500	762	2795	1525
762	500	2795	1525
501	582	2892	1849
582	501	2892	1849
501	589	2448	4705
589	501	2448	4705
501	665	3194	3136
665	501	3194	3136
502	567	1722	221
567	502	1722	221
502	621	1774	4068
621	502	1774	4068
502	659	2777	601
659	502	2777	601
502	706	2340	65
706	502	2340	65
502	797	2964	5777
797	502	2964	5777
503	615	2227	1274
615	503	2227	1274
503	775	2583	4373
775	503	2583	4373
504	569	3005	392
569	504	3005	392
504	625	2651	1769
625	504	2651	1769
505	526	3115	922
526	505	3115	922
505	608	2931	1885
608	505	2931	1885
506	533	2256	745
533	506	2256	745
507	659	2118	1922
659	507	2118	1922
507	676	1834	1114
676	507	1834	1114
507	797	2875	1640
797	507	2875	1640
508	604	1619	1960
604	508	1619	1960
508	639	1978	125
639	508	1978	125
508	762	3141	2000
762	508	3141	2000
509	514	2571	5657
514	509	2571	5657
509	575	2300	2333
575	509	2300	2333
509	645	1873	1604
645	509	1873	1604
509	769	3011	5265
769	509	3011	5265
510	575	1945	1378
575	510	1945	1378
510	587	3017	520
587	510	3017	520
510	748	3040	1802
748	510	3040	1802
511	720	1676	6381
720	511	1676	6381
511	741	2853	6388
741	511	2853	6388
512	691	2993	37
691	512	2993	37
512	757	2059	5602
757	512	2059	5602
513	679	1609	37
679	513	1609	37
513	741	2694	890
741	513	2694	890
513	744	2255	965
744	513	2255	965
514	645	1713	3985
645	514	1713	3985
514	748	2978	6850
748	514	2978	6850
515	582	1812	1114
582	515	1812	1114
516	623	1793	3536
623	516	1793	3536
516	648	1722	841
648	516	1722	841
516	687	1950	2509
687	516	1950	2509
517	620	3053	1297
620	517	3053	1297
517	684	2132	3589
684	517	2132	3589
518	578	1705	2885
578	518	1705	2885
518	587	2762	1796
587	518	2762	1796
518	592	1811	1492
592	518	1811	1492
518	729	2859	754
729	518	2859	754
518	764	3107	405
764	518	3107	405
518	774	2544	2329
774	518	2544	2329
519	585	2525	404
585	519	2525	404
519	624	1662	13385
624	519	1662	13385
520	578	2451	3601
578	520	2451	3601
520	673	3015	793
673	520	3015	793
520	763	2378	925
763	520	2378	925
520	774	1826	533
774	520	1826	533
521	642	2661	4321
642	521	2661	4321
521	773	1613	7501
773	521	1613	7501
522	663	2128	1145
663	522	2128	1145
524	646	2740	53
646	524	2740	53
524	718	2807	293
718	524	2807	293
524	799	1818	520
799	524	1818	520
526	538	2455	2245
538	526	2455	2245
526	685	3166	522
685	526	3166	522
527	787	2622	4505
787	527	2622	4505
528	561	1602	745
561	528	1602	745
528	612	2538	746
612	528	2538	746
529	701	3012	7093
701	529	3012	7093
529	732	2941	97
732	529	2941	97
529	734	2965	116
734	529	2965	116
530	628	2441	1345
628	530	2441	1345
530	686	2966	5581
686	530	2966	5581
530	702	1613	1396
702	530	1613	1396
530	708	3105	3026
708	530	3105	3026
531	560	2036	2930
560	531	2036	2930
531	622	2142	5184
622	531	2142	5184
531	677	2831	545
677	531	2831	545
531	684	2177	601
684	531	2177	601
531	751	2833	2336
751	531	2833	2336
532	699	2686	1700
699	532	2686	1700
532	739	2637	1769
739	532	2637	1769
533	557	2579	3848
557	533	2579	3848
534	628	2248	2969
628	534	2248	2969
534	723	2285	1600
723	534	2285	1600
534	725	2153	4338
725	534	2153	4338
535	610	2727	1845
610	535	2727	1845
535	622	2673	1312
622	535	2673	1312
535	689	2739	1861
689	535	2739	1861
535	746	1671	2405
746	535	1671	2405
536	583	1864	1928
583	536	1864	1928
536	652	2491	425
652	536	2491	425
536	768	2748	2146
768	536	2748	2146
538	608	3181	2468
608	538	3181	2468
539	547	2854	2161
547	539	2854	2161
539	566	2590	1621
566	539	2590	1621
539	660	3050	3485
660	539	3050	3485
539	661	1657	1184
661	539	1657	1184
539	711	2304	4418
711	539	2304	4418
539	781	1917	1753
781	539	1917	1753
540	590	1670	1450
590	540	1670	1450
540	653	2277	97
653	540	2277	97
540	760	2984	2050
760	540	2984	2050
541	641	2842	425
641	541	2842	425
541	765	2631	2340
765	541	2631	2340
542	648	2301	10441
648	542	2301	10441
543	701	2663	1
701	543	2663	1
543	775	3054	2450
775	543	3054	2450
544	555	3078	873
555	544	3078	873
544	599	1985	325
599	544	1985	325
544	667	2349	3573
667	544	2349	3573
545	571	2765	5965
571	545	2765	5965
545	658	2948	1297
658	545	2948	1297
545	720	2459	5284
720	545	2459	5284
546	670	2444	269
670	546	2444	269
547	566	2353	650
566	547	2353	650
547	711	2166	1033
711	547	2166	1033
548	789	2126	2180
789	548	2126	2180
549	584	2603	500
584	549	2603	500
549	765	1611	1588
765	549	1611	1588
549	779	2288	5408
779	549	2288	5408
550	593	2339	1168
593	550	2339	1168
550	614	2610	425
614	550	2610	425
550	750	2931	2665
750	550	2931	2665
550	777	3159	117
777	550	3159	117
551	592	1892	4069
592	551	1892	4069
551	607	2446	4041
607	551	2446	4041
551	649	2396	650
649	551	2396	650
551	669	1930	3204
669	551	1930	3204
552	611	2290	458
611	552	2290	458
552	736	2098	596
736	552	2098	596
553	757	3113	3898
757	553	3113	3898
554	581	2582	4724
581	554	2582	4724
554	660	1737	5098
660	554	1737	5098
554	704	2437	25642
704	554	2437	25642
554	724	2742	26325
724	554	2742	26325
554	746	1713	1117
746	554	1713	1117
555	599	2996	1018
599	555	2996	1018
555	643	2945	20
643	555	2945	20
555	789	2377	881
789	555	2377	881
556	626	1930	25220
626	556	1930	25220
556	698	1874	1681
698	556	1874	1681
556	761	2416	530
761	556	2416	530
557	655	3119	2234
655	557	3119	2234
557	795	2604	3973
795	557	2604	3973
558	793	2272	12250
793	558	2272	12250
559	625	3199	745
625	559	3199	745
559	792	2299	1508
792	559	2299	1508
560	622	1735	4802
622	560	1735	4802
560	716	2166	104
716	560	2166	104
561	604	2721	1476
604	561	2721	1476
561	605	2093	820
605	561	2093	820
561	728	1870	1256
728	561	1870	1256
561	740	2853	1402
740	561	2853	1402
562	668	1644	274
668	562	1644	274
562	693	2493	1664
693	562	2493	1664
562	722	2638	1165
722	562	2638	1165
562	765	1822	1220
765	562	1822	1220
563	664	2810	269
664	563	2810	269
563	719	2566	11225
719	563	2566	11225
563	745	1641	5290
745	563	1641	5290
564	569	2395	1157
569	564	2395	1157
564	758	3116	801
758	564	3116	801
565	619	2760	72
619	565	2760	72
566	574	2253	10954
574	566	2253	10954
566	596	2091	7250
596	566	2091	7250
566	781	2076	5330
781	566	2076	5330
567	621	1820	4505
621	567	1820	4505
567	688	2083	1961
688	567	2083	1961
567	706	2462	212
706	567	2462	212
567	767	2019	3485
767	567	2019	3485
568	708	1828	6500
708	568	1828	6500
568	731	2240	3965
731	568	2240	3965
568	766	2353	3529
766	568	2353	3529
569	625	2867	3757
625	569	2867	3757
569	673	2163	5329
673	569	2163	5329
570	678	3167	5993
678	570	3167	5993
570	693	2925	2725
693	570	2925	2725
570	785	1650	3385
785	570	1650	3385
571	720	2294	2745
720	571	2294	2745
571	762	3172	2125
762	571	3172	2125
572	613	2414	829
613	572	2414	829
573	591	2906	2333
591	573	2906	2333
573	600	2173	1396
600	573	2173	1396
573	606	2234	904
606	573	2234	904
573	712	2549	410
712	573	2549	410
574	621	2113	1625
621	574	2113	1625
574	767	2575	409
767	574	2575	409
575	650	1603	162
650	575	1603	162
576	678	3001	205
678	576	3001	205
577	724	2709	250
724	577	2709	250
577	781	2138	65
781	577	2138	65
578	592	1769	4165
592	578	1769	4165
578	682	2596	3250
682	578	2596	3250
578	763	1640	7208
763	578	1640	7208
578	774	3044	4328
774	578	3044	4328
579	612	2138	1396
612	579	2138	1396
579	740	2857	1629
740	579	2857	1629
579	771	2401	1037
771	579	2401	1037
580	602	2902	416
602	580	2902	416
580	741	1765	1544
741	580	1765	1544
581	660	2211	5114
660	581	2211	5114
581	746	1706	2465
746	581	1706	2465
581	766	2377	2669
766	581	2377	2669
582	682	2901	4673
682	582	2901	4673
582	695	2028	2141
695	582	2028	2141
583	721	2341	170
721	583	2341	170
583	768	2911	1258
768	583	2911	1258
584	784	2295	3028
784	584	2295	3028
585	681	1618	7157
681	585	1618	7157
586	673	3155	2509
673	586	3155	2509
586	683	1699	16964
683	586	1699	16964
587	729	2406	706
729	587	2406	706
587	748	1764	650
748	587	1764	650
587	774	2735	1681
774	587	2735	1681
588	596	3053	3917
596	588	3053	3917
588	616	1878	954
616	588	1878	954
588	647	1916	1024
647	588	1916	1024
588	723	2911	629
723	588	2911	629
588	733	2122	788
733	588	2122	788
588	782	2220	625
782	588	2220	625
589	703	2611	12136
703	589	2611	12136
589	738	2256	4925
738	589	2256	4925
589	800	1703	21970
800	589	1703	21970
590	653	2850	2057
653	590	2850	2057
590	679	3069	1378
679	590	3069	1378
590	760	2502	500
760	590	2502	500
591	633	2096	1921
633	591	2096	1921
591	759	2240	337
759	591	2240	337
592	764	2302	745
764	592	2302	745
592	794	2064	4580
794	592	2064	4580
593	632	2367	5512
632	593	2367	5512
593	750	2932	1665
750	593	2932	1665
594	644	1704	1184
644	594	1704	1184
594	705	2776	1585
705	594	2776	1585
595	651	2546	794
651	595	2546	794
595	709	2954	1706
709	595	2954	1706
595	718	3054	1450
718	595	3054	1450
595	786	2427	2336
786	595	2427	2336
596	621	1928	1145
621	596	1928	1145
596	725	1800	8136
725	596	1800	8136
597	727	3101	360
727	597	3101	360
597	735	2421	1073
735	597	2421	1073
599	626	2221	1370
626	599	2221	1370
599	789	1915	1093
789	599	1915	1093
600	712	2660	802
712	600	2660	802
600	747	3133	5480
747	600	3133	5480
601	634	2686	949
634	601	2686	949
601	640	1849	666
640	601	1849	666
601	713	2589	1570
713	601	2589	1570
601	739	1883	2825
739	601	1883	2825
602	770	2432	520
770	602	2432	520
603	671	2007	3257
671	603	2007	3257
604	605	2982	1312
605	604	2982	1312
604	639	2914	2225
639	604	2914	2225
604	658	1801	6481
658	604	1801	6481
605	728	3169	740
728	605	3169	740
606	712	1938	722
712	606	1938	722
606	730	3086	14416
730	606	3086	14416
607	658	2002	2825
658	607	2002	2825
607	669	2715	2745
669	607	2715	2745
607	794	2247	52
794	607	2247	52
608	721	2666	1321
721	608	2666	1321
609	788	2943	2965
788	609	2943	2965
609	796	2308	2549
796	609	2308	2549
610	622	3154	2845
622	610	3154	2845
610	746	1749	554
746	610	1749	554
611	736	1608	10
736	611	1608	10
612	669	3191	1010
669	612	3191	1010
613	670	3139	277
670	613	3139	277
614	757	2862	985
757	614	2862	985
614	777	2130	500
777	614	2130	500
615	734	2842	1017
734	615	2842	1017
615	772	2074	18976
772	615	2074	18976
616	723	2706	641
723	616	2706	641
617	633	3119	325
633	617	3119	325
617	637	2730	2601
637	617	2730	2601
617	747	3095	3965
747	617	3095	3965
618	700	3176	320
700	618	3176	320
619	701	2174	269
701	619	2174	269
620	699	2546	2925
699	620	2546	2925
621	767	2556	2980
767	621	2556	2980
622	689	2224	701
689	622	2224	701
622	751	2350	1184
751	622	2350	1184
623	645	1830	1637
645	623	1830	1637
623	671	1994	3677
671	623	1994	3677
623	726	2699	1557
726	623	2699	1557
623	769	2923	1800
769	623	2923	1800
624	727	1962	1693
727	624	1962	1693
624	750	1676	5440
750	624	1676	5440
624	757	2924	4385
757	624	2924	4385
624	777	2396	4770
777	624	2396	4770
625	663	2265	3185
663	625	2265	3185
625	691	1658	14922
691	625	1658	14922
626	667	2358	5780
667	626	2358	5780
627	659	2507	2900
659	627	2507	2900
627	717	2364	325
717	627	2364	325
628	702	1922	2957
702	628	1922	2957
628	723	2095	4121
723	628	2095	4121
628	725	2782	5189
725	628	2782	5189
629	684	2954	1172
684	629	2954	1172
629	689	1937	1448
689	629	1937	1448
629	751	3137	89
751	629	3137	89
630	668	3182	701
668	630	3182	701
630	722	2732	290
722	630	2732	290
630	779	2385	1105
779	630	2385	1105
631	736	3017	1777
736	631	3017	1777
632	683	2804	10376
683	632	2804	10376
632	691	2830	8829
691	632	2830	8829
632	758	3012	20
758	632	3012	20
634	640	1692	1621
640	634	1692	1621
634	739	2571	2452
739	634	2571	2452
635	730	2118	85
730	635	2118	85
636	714	2554	153
714	636	2554	153
637	667	2879	10018
667	637	2879	10018
637	742	3073	173
742	637	3073	173
637	747	2706	7688
747	637	2706	7688
638	654	2680	145
654	638	2680	145
638	762	2573	1129
762	638	2573	1129
638	776	2308	650
776	638	2308	650
641	657	2614	1186
657	641	2614	1186
641	765	2710	2525
765	641	2710	2525
641	798	2097	3365
798	641	2097	3365
642	781	2061	1313
781	642	2061	1313
644	726	2946	61
726	644	2946	61
644	769	3054	586
769	644	3054	586
646	718	2242	592
718	646	2242	592
646	747	2087	1413
747	646	2087	1413
646	762	1724	3298
762	646	1724	3298
646	799	2522	577
799	646	2522	577
647	723	3033	1013
723	647	3033	1013
647	782	2041	1649
782	647	2041	1649
648	671	1735	50
671	648	1735	50
648	687	2655	4360
687	648	2655	4360
648	780	2489	6373
780	648	2489	6373
649	650	3099	1625
650	649	3099	1625
651	710	2930	98
710	651	2930	98
651	730	2635	925
730	651	2635	925
654	728	2911	8836
728	654	2911	8836
654	742	2033	1602
742	654	2033	1602
656	707	1943	289
707	656	1943	289
657	678	2705	1305
678	657	2705	1305
659	706	2056	404
706	659	2056	404
659	797	1678	5050
797	659	1678	5050
660	661	2860	981
661	660	2860	981
660	711	2870	3485
711	660	2870	3485
660	766	1743	4441
766	660	1743	4441
661	781	1748	3169
781	661	1748	3169
662	744	2601	4145
744	662	2601	4145
663	763	2019	4869
763	663	2019	4869
663	772	1650	629
772	663	1650	629
664	697	1948	2050
697	664	1948	2050
665	703	3061	2941
703	665	3061	2941
667	752	1814	386
752	667	1814	386
667	759	2839	1384
759	667	2839	1384
668	722	2132	873
722	668	2132	873
668	779	2162	1658
779	668	2162	1658
673	748	2904	1433
748	673	2904	1433
673	763	3167	866
763	673	3167	866
673	774	2661	850
774	673	2661	850
674	717	3162	4346
717	674	3162	4346
674	784	2614	2989
784	674	2614	2989
675	730	2733	153808
730	675	2733	153808
675	778	2506	8357
778	675	2506	8357
675	793	2374	2845
793	675	2374	2845
676	780	2449	212
780	676	2449	212
678	769	3107	14842
769	678	3107	14842
681	790	3046	5045
790	681	3046	5045
682	695	2647	5490
695	682	2647	5490
683	686	2573	641
686	683	2573	641
684	751	2496	1537
751	684	2496	1537
685	768	2316	9850
768	685	2316	9850
686	754	3150	2357
754	686	3150	2357
689	735	2816	7618
735	689	2816	7618
689	751	2594	1125
751	689	2594	1125
690	773	2050	1808
773	690	2050	1808
691	701	1623	10280
701	691	1623	10280
691	792	1742	5801
792	691	1742	5801
692	696	2060	1885
696	692	2060	1885
692	699	2672	3560
699	692	2672	3560
693	765	2833	2276
765	693	2833	2276
694	695	2143	74
695	694	2143	74
694	787	1994	477
787	694	1994	477
695	787	2182	677
787	695	2182	677
696	699	2188	3545
699	696	2188	3545
697	793	1712	890
793	697	1712	890
698	761	3132	829
761	698	3132	829
700	729	2892	370
729	700	2892	370
702	708	2267	1642
708	702	2267	1642
702	723	2826	3826
723	702	2826	3826
703	719	2537	788
719	703	2537	788
704	713	1956	145162
713	704	1956	145162
704	791	2400	445
791	704	2400	445
705	717	2612	5330
717	705	2612	5330
705	784	3116	97
784	705	3116	97
708	727	1649	9360
727	708	1649	9360
708	750	3065	8693
750	708	3065	8693
709	760	2023	17104
760	709	2023	17104
709	786	2130	2842
786	709	2130	2842
710	730	2539	841
730	710	2539	841
710	799	2044	461
799	710	2044	461
711	766	3099	1604
766	711	3099	1604
711	782	2430	1521
782	711	2430	1521
713	716	2712	10114
716	713	2712	10114
713	739	1679	4265
739	713	1679	4265
715	737	2741	101
737	715	2741	101
715	743	2982	10
743	715	2982	10
718	786	2988	1642
786	718	2988	1642
719	745	2604	4325
745	719	2604	4325
719	793	1756	26388
793	719	1756	26388
720	760	2826	14180
760	720	2826	14180
720	786	2889	890
786	720	2889	890
722	756	1668	730
756	722	1668	730
722	785	2332	4905
785	722	2332	4905
724	781	2218	569
781	724	2218	569
724	791	1700	164
791	724	1700	164
725	797	3032	468
797	725	3032	468
726	769	3078	657
769	726	3078	657
727	750	3108	8669
750	727	3108	8669
728	740	2175	970
740	728	2175	970
729	764	2565	601
764	729	2565	601
731	735	3188	288
735	731	3188	288
732	734	2301	1
734	732	2301	1
733	782	2451	13
782	733	2451	13
736	785	2511	16913
785	736	2511	16913
737	745	2476	1568
745	737	2476	1568
737	800	1851	845
800	737	1851	845
738	772	2491	15250
772	738	2491	15250
740	783	2149	544
783	740	2149	544
743	745	2434	2197
745	743	2434	2197
743	749	2846	6625
749	743	2846	6625
744	787	2642	7922
787	744	2642	7922
745	800	2230	677
800	745	2230	677
747	776	3063	1396
776	747	3063	1396
748	774	2319	773
774	748	2319	773
752	759	3029	634
759	752	3029	634
755	771	2511	3349
771	755	2511	3349
756	785	2221	1885
785	756	2221	1885
757	777	2647	425
777	757	2647	425
762	776	2146	265
776	762	2146	265
767	768	2951	1153
768	767	2951	1153
770	787	1849	1433
787	770	1849	1433
770	794	1986	16133
794	770	1986	16133
771	783	1798	1618
783	771	1798	1618
780	797	2323	306
797	780	2323	306
788	790	2217	1597
790	788	2217	1597
