1	161	8
1	271	3
1	422	10
1	423	10
1	425	11
1	426	3
2	68	6
2	125	4
2	158	3
2	449	5
2	456	11
3	31	9
3	104	3
3	264	7
3	466	8
3	477	4
4	134	10
4	161	11
4	211	11
4	370	9
4	423	11
4	483	5
5	7	3
5	10	11
5	36	11
5	87	8
5	158	8
5	173	11
5	196	10
5	212	8
5	286	9
5	419	7
5	488	7
5	497	9
6	40	8
6	48	11
6	85	3
6	94	11
6	110	3
6	176	6
6	201	10
6	403	3
6	440	6
6	445	5
6	491	7
7	13	11
7	194	10
7	220	11
7	331	8
7	347	6
7	382	11
7	406	7
7	435	9
7	468	9
8	3	10
8	313	10
8	332	6
8	347	8
8	441	11
9	4	8
9	76	3
9	79	11
9	295	9
9	475	3
10	74	7
10	289	10
10	309	10
10	311	9
10	345	3
10	351	10
10	356	10
10	431	5
10	435	5
11	12	3
11	78	10
11	97	8
11	188	6
11	239	9
11	305	9
11	334	11
12	40	5
12	209	5
12	243	9
12	292	3
12	420	4
12	441	9
13	21	4
13	211	8
13	314	4
14	27	9
14	174	11
14	401	8
14	454	10
14	474	8
15	313	4
15	402	7
15	430	11
15	457	6
15	493	11
16	53	8
16	79	9
16	386	4
16	416	7
16	424	5
17	33	10
17	70	5
17	76	5
17	126	11
17	205	9
17	267	7
17	283	8
17	355	5
17	386	10
17	388	11
17	477	6
18	68	4
18	206	8
18	301	5
18	402	5
18	403	4
19	67	5
19	241	4
19	274	5
19	379	6
19	395	8
19	396	7
20	9	10
20	99	3
20	107	6
20	146	6
20	150	6
20	271	9
20	302	5
20	336	9
20	375	7
20	454	8
21	31	10
21	102	11
21	154	4
21	176	7
21	239	7
21	240	11
21	276	7
21	279	3
21	290	7
21	310	4
21	339	11
21	343	7
21	363	11
21	369	11
21	496	6
22	5	4
22	134	5
22	147	5
22	151	8
22	212	6
22	237	8
22	306	6
22	421	11
22	498	5
23	147	5
23	177	10
23	187	4
23	234	10
23	260	4
23	309	4
23	385	4
23	426	3
24	47	9
24	72	11
24	145	3
24	334	9
24	391	3
25	205	10
25	213	7
25	264	3
25	295	11
25	298	6
25	320	6
25	322	7
26	134	5
26	164	8
26	173	8
26	263	7
26	454	10
27	112	3
27	120	6
27	146	5
27	171	9
27	183	10
27	247	3
27	266	5
27	281	6
27	487	5
28	12	3
28	17	9
28	41	5
28	169	9
28	180	9
28	189	4
28	247	9
28	273	4
28	368	7
28	403	7
28	418	6
29	59	8
29	222	6
29	252	9
29	255	8
29	274	4
29	276	10
29	377	6
29	424	7
29	459	5
29	482	4
29	495	3
29	500	9
30	21	3
30	26	10
30	40	7
30	204	3
30	313	9
30	316	11
30	324	11
31	8	9
31	24	4
31	96	6
31	275	9
32	36	8
32	191	5
32	230	8
32	261	10
32	333	6
32	448	5
33	36	3
33	51	3
33	66	8
33	123	11
33	303	3
33	338	4
33	392	4
33	395	5
33	449	4
33	476	8
34	16	10
34	124	3
34	239	11
34	306	5
34	325	5
34	353	3
34	425	5
34	439	6
34	479	7
34	488	3
35	18	5
35	134	7
35	174	3
35	215	7
35	261	10
35	341	4
35	380	3
35	382	6
35	428	8
36	6	3
36	107	10
36	204	7
36	205	6
36	214	5
36	270	8
36	292	5
36	373	7
36	446	5
37	27	11
37	36	7
37	134	4
37	218	3
37	447	11
37	462	8
38	122	10
38	153	10
38	333	10
38	335	6
38	338	11
38	366	6
38	479	6
39	151	10
39	286	8
39	289	7
39	306	8
39	405	4
39	478	10
40	3	11
40	246	3
40	305	6
40	453	8
41	135	6
41	226	4
41	233	11
41	279	8
41	344	7
41	376	9
42	44	7
42	59	9
42	328	10
42	349	5
42	443	10
43	84	10
43	121	11
43	237	9
43	246	7
43	380	8
43	455	3
44	18	9
44	191	6
44	194	9
44	233	11
44	269	9
44	444	11
44	461	10
45	138	5
45	157	11
45	226	6
45	251	11
45	379	10
45	495	10
46	64	11
46	75	11
46	115	3
46	226	11
46	350	10
46	354	11
46	475	7
46	484	3
46	491	4
46	496	4
47	19	6
47	26	5
47	28	7
47	137	11
47	298	10
47	424	3
47	463	4
48	88	10
48	163	9
48	260	8
48	296	10
48	402	11
48	416	4
48	439	3
48	451	10
48	495	7
49	20	9
49	116	6
49	125	5
49	177	3
49	240	10
49	242	10
50	71	8
50	118	7
50	226	4
50	257	7
50	285	3
50	295	5
50	350	8
50	456	3
51	46	8
51	56	3
51	59	11
51	156	3
51	375	7
52	26	9
52	247	3
52	289	3
53	73	6
53	112	5
53	155	7
53	347	10
54	46	3
54	70	10
54	110	5
54	143	9
54	365	6
55	52	5
55	108	5
55	109	7
55	128	11
55	186	6
55	215	4
55	227	5
55	312	10
55	314	4
55	316	9
55	443	8
56	15	9
56	24	10
56	33	8
56	222	5
56	237	4
56	254	7
56	300	6
56	353	6
57	40	8
57	52	5
57	197	6
57	203	10
57	207	5
57	299	9
57	455	4
57	467	5
57	477	6
57	496	6
58	6	4
58	35	7
58	54	6
58	59	9
58	60	3
58	156	8
58	241	8
58	395	9
58	405	3
59	79	11
59	102	3
59	131	5
59	221	8
59	347	10
59	440	5
59	492	5
60	94	5
60	101	5
60	199	6
60	327	8
61	37	7
61	167	6
61	257	6
61	269	10
61	390	7
61	467	6
62	24	9
62	314	6
62	426	11
62	432	6
63	52	9
63	154	11
63	236	9
63	391	3
63	433	10
63	464	5
64	29	7
64	209	5
64	216	9
64	240	7
64	312	8
64	317	3
64	380	6
64	428	6
64	463	5
65	4	5
65	29	3
65	57	3
65	162	8
65	196	9
65	205	8
65	272	8
65	351	5
65	377	11
65	448	7
65	490	5
65	493	3
66	117	7
66	121	4
66	142	5
66	152	11
66	185	8
66	251	7
66	254	7
66	300	11
66	351	11
66	442	6
66	459	4
66	463	7
67	6	7
67	52	5
67	83	5
67	99	6
67	121	11
67	252	3
67	265	5
67	269	9
67	310	11
67	325	5
67	440	4
68	373	7
68	419	4
69	10	5
69	16	4
69	78	11
69	157	7
69	188	6
69	244	10
69	318	11
69	339	6
69	420	4
70	8	5
70	23	6
70	31	8
70	129	5
70	236	6
70	288	11
70	311	8
70	341	11
70	370	9
70	497	11
71	108	7
71	129	11
71	258	8
71	297	8
71	320	7
71	325	8
71	345	6
71	406	3
71	458	9
72	11	8
72	16	7
72	47	4
72	116	10
72	168	10
72	201	3
72	247	8
72	353	5
72	372	8
72	377	9
72	383	3
72	390	3
73	220	9
73	261	5
74	13	4
74	36	8
74	65	6
74	86	9
74	96	7
74	104	6
74	172	7
74	214	6
74	394	10
74	493	6
75	10	11
75	41	9
75	78	6
75	164	9
75	363	4
75	408	7
76	10	3
76	19	4
76	74	3
76	151	9
76	155	7
76	196	9
76	291	9
76	441	5
77	131	5
77	148	9
77	245	7
77	300	7
77	348	10
77	386	6
78	7	9
78	67	10
78	298	6
78	349	5
78	390	8
78	413	10
78	417	10
78	478	9
79	4	5
79	114	5
79	251	3
79	254	3
79	347	11
80	44	11
80	51	7
80	73	9
80	91	3
80	197	4
80	204	6
80	289	9
80	390	11
80	405	5
80	417	7
80	430	11
81	132	3
81	162	11
81	196	3
81	225	8
81	311	3
81	319	8
81	323	9
81	365	10
81	384	10
81	438	8
81	493	6
81	498	3
82	177	10
82	338	9
82	406	9
82	466	7
82	473	3
83	32	4
83	52	11
83	69	5
83	89	8
83	498	9
84	25	11
84	203	4
84	270	4
84	308	4
84	456	6
84	476	6
85	71	9
85	127	10
85	199	6
85	314	4
85	340	10
85	407	7
85	430	7
85	434	7
85	444	4
85	485	9
86	67	5
86	105	11
86	166	6
86	236	6
86	238	8
86	271	7
86	387	8
87	26	3
87	75	10
87	188	5
87	324	10
87	345	6
87	496	6
88	93	7
88	107	4
88	185	10
88	248	7
88	288	4
88	343	6
88	356	6
88	437	5
89	190	4
89	269	7
89	312	5
89	375	9
89	447	5
89	464	10
89	480	3
90	87	11
90	197	6
90	344	3
90	362	8
90	448	7
91	85	10
91	252	8
91	266	11
91	290	5
91	355	3
91	382	11
91	424	5
91	433	5
91	473	3
92	154	5
92	165	8
92	292	10
92	334	4
92	342	4
92	346	8
92	379	3
92	431	5
93	54	8
93	87	11
93	157	6
93	184	8
93	189	6
94	57	3
94	96	5
94	317	7
94	351	6
95	17	7
95	40	3
95	50	10
95	63	8
95	88	11
95	93	10
95	296	10
95	431	8
95	458	11
96	3	8
96	6	4
96	70	7
96	171	10
96	267	10
96	443	6
96	457	11
96	490	5
97	70	6
97	98	8
97	323	11
97	348	4
97	415	4
97	477	9
98	82	3
98	262	8
98	278	5
98	283	8
98	284	9
98	292	3
99	130	8
99	132	7
99	192	3
99	257	10
99	352	11
99	446	11
99	465	10
100	9	9
100	53	10
100	117	5
100	144	4
100	161	4
100	277	8
100	311	6
100	334	4
100	469	8
101	107	6
101	114	11
101	216	7
101	314	9
101	348	9
101	359	5
101	477	4
102	15	10
102	17	7
102	61	4
102	72	8
102	77	10
102	114	8
102	414	7
102	456	7
102	495	7
103	15	7
103	111	9
103	183	5
103	254	3
103	256	7
103	308	4
103	371	9
103	441	9
103	443	7
103	453	9
103	472	7
103	477	7
104	11	8
104	34	3
104	111	9
104	143	11
104	275	5
104	283	4
104	361	10
104	461	11
105	53	7
105	114	8
105	284	8
105	298	7
105	404	10
105	417	5
106	117	7
106	495	10
107	20	11
107	37	6
107	43	10
107	104	11
107	200	5
107	209	6
107	285	6
107	313	9
108	33	10
108	223	11
108	271	3
108	321	11
108	436	3
109	7	3
109	12	4
109	32	8
109	75	9
109	228	3
109	245	10
109	260	8
109	298	5
109	360	8
110	73	9
110	335	4
110	409	4
110	422	4
110	430	6
110	435	6
110	474	3
111	79	8
111	133	10
111	142	4
111	143	10
111	168	8
111	245	3
111	264	10
111	293	11
111	314	5
111	366	6
112	39	4
112	44	4
112	121	7
112	169	11
112	206	4
112	209	4
112	263	7
112	332	6
112	383	11
113	60	5
113	143	8
113	172	7
113	174	9
113	288	10
113	299	7
113	343	6
113	396	7
113	404	11
114	285	10
114	322	6
114	417	7
114	428	10
114	456	9
115	44	9
115	97	9
115	139	8
115	148	6
115	198	8
115	300	11
115	355	11
116	24	10
116	61	7
116	121	8
116	183	11
116	360	5
116	361	10
116	401	10
116	428	3
116	493	7
117	99	11
117	111	9
117	150	6
117	213	11
117	275	9
117	279	10
118	33	8
118	53	9
118	154	5
118	217	10
118	309	8
118	354	10
119	27	3
119	36	5
119	64	10
119	130	11
119	184	11
119	198	9
119	256	10
119	294	4
119	311	7
119	375	6
119	393	8
119	458	4
120	18	6
120	79	7
120	177	8
120	325	3
120	409	8
121	84	5
121	150	6
121	380	10
121	417	3
121	458	8
122	2	5
122	15	7
122	70	4
122	96	4
122	108	3
122	176	8
122	208	5
122	296	5
122	314	10
122	417	6
123	3	10
123	12	8
123	228	8
123	358	3
123	388	4
123	439	8
123	443	8
123	480	5
123	494	8
124	73	11
124	107	10
124	138	10
124	143	10
124	175	3
124	220	3
124	319	6
124	365	11
124	446	11
125	27	9
125	94	7
125	173	4
125	307	11
125	327	3
125	332	5
125	338	7
126	38	8
126	56	9
126	72	9
126	104	9
126	167	4
126	293	4
126	302	5
126	317	7
126	350	11
127	87	9
127	133	11
127	188	9
127	194	5
127	225	8
127	319	4
127	372	9
127	382	6
127	490	7
128	184	9
128	201	6
128	336	5
128	374	8
128	387	6
128	389	5
128	446	8
128	447	9
129	98	6
129	186	10
129	366	5
130	68	11
130	140	9
130	171	3
130	260	6
130	268	9
130	359	7
130	411	9
131	118	4
131	145	5
131	291	10
131	302	9
132	199	7
132	221	11
132	266	9
132	333	8
132	373	7
132	388	9
132	463	10
133	14	4
133	42	10
133	311	11
133	339	10
133	360	9
133	369	6
133	408	9
133	442	5
133	490	9
134	22	11
134	55	9
134	235	5
134	291	10
134	301	10
134	351	5
134	484	5
135	18	6
135	32	3
135	51	8
135	65	3
135	83	10
135	166	5
135	241	9
135	280	8
135	389	10
135	442	5
136	111	9
136	334	6
136	388	7
136	412	10
136	413	9
136	455	9
136	466	4
137	39	9
137	135	5
137	241	7
137	298	10
137	378	9
137	450	5
138	304	6
138	309	9
138	322	10
138	417	10
139	127	3
139	303	5
139	435	11
140	121	6
140	219	10
140	232	5
140	254	6
140	288	11
140	364	8
140	374	4
140	424	10
141	14	3
141	81	10
141	104	6
141	165	5
141	235	5
141	247	3
141	251	5
141	410	3
142	88	11
142	307	10
142	321	11
142	440	11
143	108	7
143	113	4
143	182	4
143	203	7
143	276	10
143	306	9
143	308	6
143	331	10
144	171	7
144	251	10
145	133	10
145	309	11
145	365	7
145	403	8
145	433	11
146	49	3
146	116	9
146	199	4
146	359	4
147	26	3
147	29	11
147	52	11
147	231	7
147	286	11
147	318	5
147	442	8
147	452	6
147	487	7
148	82	9
148	265	7
148	352	8
148	368	5
148	385	7
149	137	3
149	189	10
149	286	7
149	308	3
149	312	8
149	358	10
149	387	7
149	447	10
150	36	9
150	40	9
150	161	10
150	374	11
150	498	4
151	25	3
151	128	11
151	327	8
151	338	11
151	357	3
151	440	9
151	460	3
152	20	5
152	127	8
152	163	8
152	267	9
152	284	10
152	299	8
152	307	7
152	315	6
152	316	4
152	332	5
152	342	10
152	400	10
153	49	8
153	220	9
153	261	9
153	433	4
153	482	8
153	498	11
154	40	5
154	63	8
154	108	9
154	324	3
154	330	4
154	439	6
154	469	11
154	494	4
155	33	7
155	51	3
155	98	3
155	158	11
155	232	6
155	233	6
155	426	3
155	463	8
155	495	8
156	292	8
156	338	3
156	392	8
156	444	6
156	481	11
156	487	8
156	496	5
157	156	6
157	174	7
157	330	7
157	335	9
157	385	5
157	416	8
158	150	8
158	238	9
158	364	10
158	377	10
158	426	3
158	467	7
159	45	3
159	221	4
159	322	4
159	350	9
159	397	8
159	400	5
160	240	8
160	397	11
160	497	7
161	51	6
161	84	4
161	218	3
161	291	8
162	197	6
162	259	7
162	263	6
162	278	9
162	313	8
162	316	7
162	437	5
162	457	10
163	3	11
163	84	7
163	99	4
163	277	4
163	459	9
164	123	5
164	148	8
164	250	10
164	273	6
164	417	8
164	489	7
165	25	4
165	83	10
165	127	6
165	208	4
165	327	4
165	414	8
165	443	4
166	58	9
166	105	4
166	228	10
166	236	11
166	281	10
166	321	8
166	428	5
166	455	9
166	475	10
167	16	9
167	294	8
167	301	6
167	348	9
167	402	6
167	498	8
168	320	3
168	354	7
168	362	3
168	391	9
168	455	8
168	458	4
169	91	6
169	113	10
169	294	4
169	330	10
169	415	9
170	129	8
170	200	4
170	218	4
170	237	10
170	253	5
170	365	10
170	479	8
171	31	11
171	90	9
171	229	4
171	255	3
171	377	7
171	459	9
172	52	3
172	71	4
172	128	9
172	157	8
172	180	4
172	243	6
172	287	9
172	309	10
172	432	7
173	86	6
173	119	7
173	256	6
173	347	6
174	9	6
174	202	9
174	223	3
174	288	11
174	406	5
174	467	11
175	91	4
175	116	7
175	267	4
175	366	5
175	386	10
175	404	10
175	475	7
176	97	5
176	143	7
176	169	4
176	173	9
176	372	10
176	399	10
177	137	9
177	213	3
177	264	4
177	315	9
178	98	9
178	158	4
178	414	4
178	480	6
178	484	3
179	53	6
179	133	5
179	156	5
179	193	8
179	239	4
179	279	3
179	331	4
179	364	10
179	405	3
179	463	10
180	2	6
180	25	7
180	75	9
180	195	8
180	239	11
180	256	3
180	293	4
180	298	4
180	362	11
180	481	9
181	101	5
181	113	9
181	168	9
181	187	6
181	206	7
181	219	6
181	274	11
181	295	10
181	298	7
181	333	7
181	345	3
181	380	4
181	419	4
181	457	9
181	473	10
181	475	4
181	491	3
182	123	4
182	185	4
182	252	5
182	267	6
182	303	3
182	334	3
182	369	9
182	453	9
183	18	7
183	87	9
183	90	5
183	103	11
183	207	6
183	228	3
183	272	9
183	307	8
183	343	10
183	425	9
184	73	4
184	171	5
184	206	5
184	332	8
184	363	9
185	34	9
185	38	10
185	199	9
185	325	6
185	474	5
186	8	6
186	16	5
186	79	6
186	319	7
187	58	3
187	88	7
187	105	8
187	250	9
187	313	4
187	387	8
187	443	4
188	102	8
188	157	9
188	334	10
188	391	5
189	32	3
189	60	7
189	157	6
189	161	4
189	241	6
189	295	4
189	451	6
189	455	9
189	493	5
190	103	3
190	108	11
190	171	6
190	347	3
190	360	8
191	10	8
191	21	6
191	76	3
191	172	7
191	200	8
191	354	9
191	370	3
191	374	11
191	377	5
191	441	11
191	457	11
191	498	4
192	3	4
192	140	4
192	341	8
192	348	11
192	418	10
192	498	7
193	157	4
193	183	3
193	238	8
193	256	10
193	299	4
193	398	3
193	457	3
193	459	11
194	13	8
194	252	4
194	261	4
194	484	11
195	84	9
195	92	5
195	109	6
195	216	4
195	341	4
195	344	4
195	365	3
195	397	6
195	405	6
196	59	6
196	88	4
196	224	7
196	285	6
196	299	11
196	398	4
196	405	6
196	410	9
197	49	3
197	67	6
197	89	9
197	174	6
197	302	7
197	380	11
197	469	9
198	42	10
198	131	11
198	133	3
198	136	10
198	171	5
198	199	11
198	329	3
198	330	4
198	388	8
198	487	7
199	4	10
199	85	9
199	90	6
199	132	6
199	215	10
199	248	4
199	351	7
199	376	4
199	430	7
200	57	8
200	296	6
200	461	9
200	464	5
201	280	5
201	315	6
201	337	9
201	416	10
201	421	11
201	476	10
202	116	11
202	121	3
202	128	11
202	196	7
202	212	6
202	237	5
202	267	10
202	290	6
202	307	5
202	363	5
202	404	5
202	442	10
202	459	10
203	21	4
203	29	4
203	76	3
203	81	6
203	123	11
203	138	5
203	220	5
203	283	3
203	369	7
203	441	6
203	452	5
204	160	8
204	222	5
204	427	9
204	442	7
205	64	3
205	77	3
205	178	3
205	253	11
205	277	8
205	311	8
205	336	10
205	460	6
206	55	11
206	128	3
206	222	8
206	415	8
206	416	4
206	460	5
207	5	9
207	29	8
207	43	10
207	66	9
207	231	11
207	242	8
207	248	4
207	250	8
207	442	8
208	106	9
208	357	5
208	418	11
208	430	6
208	445	10
208	462	8
209	6	10
209	83	11
209	86	9
209	132	6
209	136	5
209	212	10
209	260	5
209	268	6
209	310	8
209	319	11
209	321	6
209	324	6
209	329	9
209	353	5
209	469	7
210	30	10
210	80	3
210	133	3
210	219	4
210	338	9
210	479	6
210	498	4
211	66	9
211	159	10
211	201	10
211	296	5
211	297	9
211	315	6
211	397	4
211	422	10
212	197	8
212	250	10
212	259	5
212	372	10
212	397	4
212	410	11
212	418	11
213	8	9
213	123	11
213	153	5
213	159	9
213	309	4
213	369	11
213	377	10
214	74	9
214	100	9
214	140	8
214	215	10
214	221	8
214	272	9
214	424	9
215	154	10
215	159	8
215	171	8
215	196	11
215	197	8
215	234	3
215	279	11
215	306	3
215	426	10
215	447	7
216	50	4
216	148	3
216	269	3
217	74	8
217	83	11
217	201	10
217	256	3
217	322	5
218	181	7
218	223	6
218	260	9
218	336	5
218	435	3
219	3	8
219	62	9
219	112	4
219	333	7
219	354	4
219	383	6
219	389	4
219	437	6
219	461	3
220	23	9
220	74	5
220	109	4
220	128	7
220	181	4
220	285	11
220	286	7
220	303	10
220	304	10
220	329	5
220	342	3
220	346	3
220	358	4
220	379	8
220	491	3
221	39	9
221	60	9
221	74	4
221	102	6
221	141	11
221	213	3
221	225	3
221	340	10
222	53	8
222	117	5
222	325	9
222	347	11
222	401	10
222	463	7
223	96	3
223	124	10
223	153	8
223	314	3
223	371	7
223	388	11
224	12	10
224	18	4
224	102	11
224	206	3
224	293	4
224	315	5
224	366	5
224	386	5
224	420	8
224	467	10
224	468	5
225	104	3
225	196	5
225	258	6
226	77	6
226	113	10
226	127	10
226	135	4
226	174	6
226	324	3
226	359	7
226	360	9
227	180	3
227	189	6
227	210	3
227	267	3
228	45	7
228	117	3
228	181	3
228	271	6
228	280	10
228	458	6
228	500	8
229	19	3
229	85	4
229	192	10
229	264	10
229	299	8
229	338	11
229	469	8
229	480	9
230	142	6
230	187	11
230	236	8
230	290	8
230	336	11
230	375	11
230	417	7
230	454	5
231	206	8
231	239	9
231	274	9
232	176	8
232	212	11
232	310	6
232	358	10
232	364	10
233	175	11
233	220	4
233	285	3
233	300	9
233	302	3
233	324	10
233	337	7
233	340	10
233	374	4
234	18	5
234	71	11
234	343	9
234	351	6
235	60	11
235	130	10
235	143	9
235	151	4
235	168	9
235	222	5
235	251	7
235	319	7
235	371	7
235	378	3
235	392	4
235	426	3
235	433	11
235	436	10
235	458	5
235	499	10
236	63	4
236	140	11
236	204	6
236	234	8
236	269	10
236	300	5
236	328	10
236	368	9
237	112	8
237	125	5
237	168	8
237	200	7
237	260	3
237	344	7
237	367	3
237	392	9
237	396	5
237	453	4
237	494	7
238	30	6
238	34	4
238	54	8
238	210	3
238	213	4
238	290	7
238	353	4
239	82	3
239	315	10
239	325	5
239	336	4
240	108	6
240	151	8
240	218	11
240	392	5
241	65	11
241	69	3
241	72	7
241	132	9
241	211	8
241	238	5
241	346	4
241	379	7
242	42	10
242	55	8
242	78	5
242	158	5
242	204	9
242	225	8
242	253	5
242	292	5
242	479	3
242	493	8
243	14	6
243	42	11
243	61	7
243	67	11
243	168	8
243	194	8
243	256	10
243	272	8
243	273	9
243	284	8
243	373	5
243	427	4
244	467	9
245	192	4
245	284	7
245	288	6
245	343	3
245	360	3
245	367	3
245	373	9
245	385	6
245	395	6
245	498	4
246	7	5
246	86	4
246	173	5
246	207	4
246	412	3
247	52	11
247	55	10
247	65	9
247	104	11
247	218	4
247	359	4
247	437	4
248	37	8
248	44	9
248	138	7
248	180	8
248	191	3
248	335	10
248	343	10
248	389	5
248	415	6
248	481	3
249	28	11
249	73	7
249	235	9
249	237	5
249	252	8
249	257	5
249	285	10
249	308	6
249	326	8
249	356	5
249	393	11
249	449	10
249	481	7
250	181	9
250	210	3
250	321	6
250	345	11
251	95	6
251	400	11
251	449	10
252	67	3
252	87	5
252	194	3
252	240	4
252	285	5
252	346	11
252	372	6
252	485	4
253	1	7
253	76	4
253	101	11
253	107	9
253	190	6
253	260	11
253	380	3
253	426	7
253	498	8
254	98	11
254	243	11
254	257	8
254	281	3
254	306	11
254	370	8
255	69	4
255	153	5
255	172	5
255	192	9
255	202	8
255	246	7
255	293	10
255	311	6
255	314	10
255	442	7
256	10	7
256	59	7
256	176	5
256	204	10
256	274	3
256	287	11
257	45	10
257	48	10
257	59	5
257	77	8
257	106	8
257	172	4
257	195	11
257	200	10
257	250	3
257	268	6
257	377	9
257	397	9
257	414	7
258	165	10
258	198	9
258	225	8
258	410	7
259	59	5
259	181	9
259	283	9
259	342	8
259	387	8
260	319	8
260	374	4
260	453	6
260	462	8
261	3	4
261	61	10
261	63	4
261	128	10
261	142	10
261	177	4
261	184	10
261	212	8
261	252	9
261	388	4
261	465	7
262	52	4
262	64	6
262	88	11
262	148	3
262	190	5
262	342	4
262	408	3
262	438	6
262	446	7
262	460	9
262	461	9
262	491	7
263	8	5
263	9	8
263	68	10
263	156	6
263	188	8
263	355	10
263	384	9
263	492	11
264	2	5
264	5	3
264	107	11
264	354	9
264	440	9
265	69	4
265	125	8
265	420	10
265	438	9
265	468	10
265	491	7
265	494	4
266	61	10
266	81	5
266	224	10
266	343	8
266	387	7
267	115	9
267	128	10
267	279	3
267	313	8
267	485	3
268	109	8
268	324	10
268	333	6
268	351	9
268	449	8
268	492	9
269	47	3
269	69	10
269	74	8
269	209	7
269	397	3
269	434	10
270	39	6
270	332	8
270	383	8
270	401	10
270	410	5
270	497	8
271	62	8
271	108	10
271	290	7
271	443	3
272	72	9
272	92	11
272	182	3
272	286	9
272	302	6
272	372	3
273	73	9
273	107	11
273	123	4
273	146	7
273	176	7
273	215	5
273	230	8
274	12	5
274	44	11
274	378	10
274	414	10
274	416	9
275	105	4
275	112	6
275	164	6
275	286	7
275	357	9
275	437	4
276	19	5
276	89	8
276	152	5
276	201	3
276	226	11
276	344	11
276	421	9
277	36	4
277	91	9
277	190	4
277	278	3
277	344	6
278	40	9
278	142	3
278	162	4
278	282	7
278	325	4
278	328	3
278	340	8
278	405	6
278	444	7
279	32	3
279	162	9
279	252	10
279	298	9
279	323	3
279	377	9
279	381	7
279	418	11
280	30	3
280	34	6
280	149	11
280	173	9
280	359	5
280	443	5
280	493	8
280	496	4
281	38	3
281	39	3
281	66	3
281	164	8
281	250	4
281	339	8
281	415	4
281	462	10
282	64	9
282	81	5
282	83	9
282	99	3
282	117	4
282	146	9
282	171	9
282	207	4
282	275	8
282	400	11
283	81	10
283	91	7
283	170	5
283	229	9
283	297	8
283	343	10
283	410	3
283	451	6
283	494	9
284	49	7
284	85	4
284	180	11
284	217	5
284	240	11
284	282	9
284	475	8
284	500	3
285	2	8
285	131	4
285	322	9
285	327	6
285	458	11
286	27	9
286	67	5
286	85	3
286	203	7
286	225	11
286	229	6
286	264	6
286	498	11
287	5	9
287	100	11
287	178	6
287	234	8
287	288	7
287	478	3
288	50	6
288	57	3
288	96	11
288	153	9
288	303	8
288	325	8
288	398	3
288	403	11
289	33	9
289	44	6
289	78	10
289	95	9
289	106	8
289	127	5
289	190	5
289	279	4
289	320	5
289	384	5
289	406	6
289	427	7
290	57	10
290	161	4
290	220	6
290	367	9
290	403	10
290	415	8
291	40	10
291	129	6
291	159	4
291	356	11
291	469	6
291	474	7
291	497	3
292	40	8
292	46	6
292	54	11
292	60	11
292	149	10
292	176	6
292	204	9
292	389	10
292	430	5
292	446	9
292	487	10
293	85	10
293	203	4
293	224	11
293	284	3
293	285	6
293	358	8
294	68	6
294	185	7
294	203	10
294	367	4
294	463	3
295	37	5
295	84	9
295	85	7
295	177	11
295	188	10
295	251	11
295	477	7
295	479	7
296	65	7
296	72	3
296	106	9
296	331	8
296	402	3
296	418	7
296	433	3
296	436	6
297	105	6
297	121	8
297	188	5
297	273	8
297	321	4
298	132	4
298	178	9
298	412	5
298	431	11
299	71	6
299	306	11
299	454	5
299	479	7
300	229	10
300	267	9
300	469	4
300	498	9
301	150	8
301	202	6
301	330	6
301	460	8
302	24	6
302	26	7
302	80	6
302	101	3
302	113	8
302	190	11
302	339	4
302	368	7
302	473	4
303	7	3
303	53	3
303	54	3
303	137	3
303	163	9
303	273	11
303	331	9
303	338	5
303	361	5
303	372	7
303	381	11
303	386	8
303	467	10
304	166	4
304	394	11
304	404	8
304	445	6
304	477	9
305	9	6
305	18	10
305	48	3
305	84	8
305	115	3
305	123	11
305	170	3
305	229	11
305	259	4
305	281	6
305	405	5
306	64	4
306	65	4
306	274	6
306	456	8
306	485	6
307	29	11
307	50	5
307	140	11
307	169	5
307	221	10
307	222	3
307	314	9
307	376	6
307	483	9
308	32	11
308	63	5
308	91	6
308	131	5
308	168	11
308	284	3
308	287	3
308	291	11
308	374	10
308	424	6
308	472	11
309	117	6
309	143	6
309	171	6
309	282	10
309	299	9
309	328	8
309	358	5
309	389	8
309	391	6
309	455	8
309	457	4
309	500	4
310	17	11
310	29	6
310	177	10
310	206	9
310	325	6
310	341	7
311	27	6
311	204	8
311	255	8
311	281	9
311	389	9
311	480	10
312	91	4
312	117	11
313	176	4
313	278	3
313	352	7
313	461	3
314	80	6
314	132	5
314	206	9
314	378	7
314	383	8
314	388	11
314	405	5
314	434	10
314	446	7
315	97	4
315	107	9
315	162	3
315	196	7
316	52	10
316	344	7
316	384	10
316	409	3
316	432	8
316	453	10
317	26	6
317	58	10
317	155	4
317	222	4
317	254	4
317	309	11
317	400	6
317	467	8
318	36	3
318	46	10
318	103	6
318	177	11
318	203	3
318	246	6
318	256	10
318	301	11
318	312	11
318	491	5
319	32	3
319	60	6
319	128	3
319	172	10
319	401	7
319	402	7
319	420	10
320	111	6
320	274	10
320	406	3
320	452	7
321	81	3
321	111	11
321	129	8
321	203	8
321	312	9
321	417	6
321	450	6
322	98	4
322	154	5
322	160	5
322	485	7
323	78	10
323	124	3
323	205	10
323	211	11
323	282	9
323	307	9
324	50	6
324	53	5
324	99	9
324	191	6
324	205	3
324	361	3
324	405	9
324	458	8
325	26	11
325	27	7
325	122	3
325	127	4
325	144	8
325	219	10
325	381	9
325	409	6
326	15	5
326	75	8
326	80	8
326	235	3
326	239	4
326	330	11
326	360	10
326	403	10
326	433	6
326	465	7
327	206	9
327	221	3
327	277	4
327	391	7
328	12	6
328	52	3
328	134	6
328	179	3
328	245	6
328	323	7
328	408	3
328	451	3
328	468	3
329	121	11
329	125	11
329	153	5
329	299	5
329	342	4
329	444	3
329	446	4
330	24	10
330	161	10
330	251	7
330	495	7
331	33	7
331	165	11
331	325	3
331	337	6
332	160	9
332	202	11
332	240	3
332	329	10
333	41	5
333	49	8
333	116	6
333	124	8
333	153	7
333	217	11
333	264	4
333	279	4
333	308	9
333	339	6
333	404	7
334	12	7
334	40	3
334	49	7
334	197	4
334	413	11
335	19	8
335	40	3
335	139	11
335	175	11
335	233	3
335	412	3
335	441	6
336	117	3
336	124	4
336	142	9
336	233	6
336	274	4
336	338	11
336	406	8
336	423	10
337	92	6
337	338	7
337	398	3
337	420	6
337	431	4
338	168	9
338	247	8
338	262	3
338	286	7
338	403	11
338	407	3
338	471	8
339	100	7
339	173	6
339	196	3
339	241	10
339	265	11
339	290	8
340	50	4
340	51	10
340	318	8
340	369	6
340	455	9
341	64	11
341	89	7
341	156	8
341	178	7
341	190	7
341	195	10
341	258	8
341	292	3
341	315	3
341	466	9
342	46	5
342	127	10
342	363	9
342	415	8
343	90	8
343	119	8
343	163	9
343	267	9
343	434	8
343	450	11
343	496	11
344	3	4
344	59	3
344	77	4
344	112	6
344	151	11
344	175	9
344	196	7
344	285	5
344	307	8
344	377	11
345	49	5
345	112	6
345	170	11
345	245	10
345	389	11
345	416	6
346	34	9
346	115	8
346	118	7
346	198	5
346	408	4
346	415	11
346	476	4
347	115	4
347	160	8
347	288	11
347	335	6
347	344	10
348	5	10
348	138	7
348	184	3
348	315	6
348	319	8
348	351	5
348	423	11
348	428	3
348	464	4
349	111	4
349	210	10
349	418	7
350	238	4
350	243	7
350	371	5
350	402	10
350	429	3
350	447	9
351	44	7
351	148	5
351	383	6
351	407	4
351	457	7
352	239	9
352	310	8
352	371	9
353	23	10
353	35	6
353	71	9
353	373	3
353	479	6
353	482	6
354	147	4
354	226	11
354	234	11
354	240	4
354	254	10
354	288	7
354	383	9
354	429	3
354	466	8
354	490	3
354	500	6
355	53	3
355	107	5
355	346	9
355	499	8
356	94	6
356	293	4
356	305	4
356	433	9
357	23	11
357	55	5
357	64	5
357	132	6
357	326	3
357	460	11
358	173	7
358	270	7
358	296	6
358	449	10
358	488	8
358	496	10
359	20	11
359	41	4
359	101	6
359	111	4
359	155	8
359	189	10
359	249	10
359	353	4
360	102	5
360	134	6
360	329	3
360	398	6
360	449	10
360	498	4
361	82	4
361	111	6
361	120	9
361	131	5
361	255	4
361	370	10
362	12	9
362	253	7
362	357	10
362	395	3
363	243	10
363	306	10
363	350	9
363	454	4
364	15	9
364	89	11
364	175	10
364	355	11
364	370	9
364	406	8
364	409	10
365	66	8
365	174	5
365	230	4
365	239	6
365	340	11
365	498	6
366	26	7
366	114	11
366	194	11
366	227	9
366	243	4
366	246	5
366	272	5
366	289	9
366	319	10
367	55	6
367	68	9
367	104	6
367	105	5
367	120	3
367	148	11
367	342	10
367	477	4
368	5	3
368	30	9
368	37	11
368	73	11
368	99	3
368	140	9
368	147	7
368	210	7
368	245	10
368	284	6
368	296	9
368	420	9
369	109	8
369	136	3
369	180	7
369	331	3
369	414	7
369	436	4
369	463	6
370	115	6
370	243	6
370	250	6
370	255	3
370	263	6
370	401	10
370	499	11
371	4	6
371	143	7
371	232	4
371	244	9
372	38	5
372	61	3
372	141	10
372	247	7
372	335	11
373	12	8
373	32	9
373	106	5
373	285	6
373	333	7
373	363	4
373	469	5
374	25	7
374	41	8
374	178	8
374	188	10
374	251	5
374	373	4
374	397	10
374	469	3
375	34	5
375	223	11
375	354	8
375	457	5
376	194	10
376	276	3
376	387	8
376	479	7
376	488	11
377	298	6
377	313	11
377	327	8
377	364	3
377	427	10
377	476	3
378	28	10
378	192	3
378	225	11
378	242	8
378	250	4
378	434	8
378	476	8
379	64	5
379	125	9
379	144	3
379	202	4
379	219	9
379	297	11
379	307	4
379	338	11
379	442	5
380	113	8
380	374	8
380	377	6
380	409	9
380	470	6
381	16	6
381	51	11
381	116	3
381	258	10
381	267	4
381	468	8
382	90	5
382	122	10
382	158	3
382	200	11
382	261	8
382	330	11
382	452	4
383	59	5
383	128	9
383	252	4
383	253	3
383	465	7
384	144	4
384	284	9
384	344	9
384	359	4
384	464	9
385	19	7
385	64	5
385	184	11
385	378	9
386	126	7
386	259	7
386	292	10
386	336	11
386	387	5
387	29	11
387	143	9
387	379	8
387	398	7
387	415	9
387	463	8
388	80	8
388	93	9
388	266	7
388	451	7
389	43	3
389	58	5
389	146	11
389	249	5
389	310	9
389	325	6
389	391	9
389	401	8
390	35	8
390	202	4
390	497	11
391	18	7
391	54	10
391	114	11
391	185	9
391	193	11
391	280	3
391	337	5
391	340	11
391	370	11
391	430	11
391	493	9
392	3	8
392	137	3
392	138	3
392	350	4
392	360	8
393	172	6
393	184	4
393	214	10
393	402	11
393	454	9
393	479	5
394	21	9
394	55	8
394	158	7
394	178	6
394	187	8
394	255	9
394	263	7
394	402	8
394	431	8
394	491	9
395	8	10
395	216	9
395	249	8
395	366	10
395	394	9
395	407	3
395	470	9
395	471	5
396	144	7
396	412	7
397	41	7
397	146	3
397	214	7
397	243	6
397	380	6
397	408	4
398	38	4
398	69	11
398	131	6
398	191	7
398	326	4
399	20	5
399	129	4
399	157	5
399	160	9
399	299	8
399	310	6
399	311	11
399	330	5
400	60	11
400	61	4
400	72	7
400	167	5
400	174	4
400	192	7
400	266	11
400	316	9
400	327	8
400	420	6
400	426	11
400	477	6
401	18	5
401	266	11
402	17	5
402	36	11
402	311	9
402	491	11
403	33	11
403	39	10
403	52	5
403	89	4
403	210	7
403	243	9
403	304	10
403	317	10
403	363	3
403	376	11
403	445	11
403	449	11
403	480	8
403	486	8
404	162	4
404	164	4
404	233	7
404	234	4
404	253	4
404	303	9
404	337	6
404	401	6
404	435	6
405	142	11
405	236	4
405	300	3
405	324	10
405	357	11
405	383	7
405	420	11
406	40	8
406	177	3
406	286	5
406	308	4
407	24	10
407	73	5
407	146	4
407	165	7
407	257	7
407	447	11
407	467	10
407	477	6
408	17	9
408	37	3
408	123	7
408	132	11
408	187	8
408	419	6
408	436	6
409	13	4
409	56	4
409	80	6
409	105	3
409	281	5
409	321	7
409	334	4
409	372	3
409	494	10
410	5	3
410	49	5
410	165	5
410	168	5
410	213	4
410	247	6
410	273	8
410	422	5
410	498	3
410	499	10
411	35	4
411	48	10
411	79	3
411	84	7
411	148	6
411	245	5
411	371	3
411	372	8
411	432	6
412	7	4
412	92	11
412	196	10
412	277	11
412	377	4
412	460	6
413	15	6
413	18	6
413	53	5
413	62	3
413	78	6
413	92	7
413	290	9
413	417	8
414	70	11
414	94	11
414	118	8
414	124	4
414	128	9
414	230	6
414	265	4
414	444	7
414	456	6
415	134	6
415	138	8
415	311	4
415	340	3
416	62	7
416	91	8
416	93	10
416	134	4
416	201	7
416	228	4
416	387	11
416	400	4
417	40	9
417	68	10
417	245	4
417	265	10
417	306	6
417	349	11
417	412	10
417	466	6
417	499	6
418	223	4
418	253	10
418	320	10
418	352	3
418	366	10
418	482	11
418	485	11
418	498	5
419	19	7
419	57	7
419	225	4
419	343	7
419	362	4
419	373	7
419	401	4
420	11	7
420	65	5
420	72	4
420	106	8
420	387	9
420	441	7
420	486	9
421	174	3
421	296	10
421	373	7
422	42	10
422	206	3
422	273	6
422	286	7
422	383	3
422	412	6
423	62	7
423	133	8
423	144	5
423	167	7
423	189	8
423	240	8
423	309	9
423	322	7
423	324	4
423	335	10
424	17	6
424	30	11
424	139	5
424	233	8
425	34	5
425	227	10
425	257	11
425	294	3
426	22	7
426	181	8
426	247	11
426	357	3
426	360	3
426	454	5
426	456	8
426	490	9
426	491	5
427	12	7
427	102	6
427	332	9
427	365	6
427	412	4
428	44	5
428	119	7
428	162	3
428	199	7
428	313	3
428	329	8
428	476	8
428	488	8
429	84	6
429	158	5
429	209	6
429	211	9
429	238	8
429	241	4
430	6	5
430	32	7
430	190	8
430	271	3
430	279	7
430	299	11
431	144	11
431	184	4
431	238	4
431	240	4
431	298	9
431	445	11
431	463	10
432	15	7
432	17	10
432	104	3
432	135	5
432	178	5
432	187	10
432	188	6
432	220	9
432	241	8
432	293	11
432	411	9
432	430	11
432	440	3
432	489	6
432	500	4
433	67	5
433	190	4
433	257	8
433	288	5
433	347	4
434	30	4
434	291	7
434	342	7
434	409	10
434	444	7
435	17	11
435	21	9
435	93	7
435	262	4
435	310	6
435	334	7
435	441	3
436	83	7
436	355	11
436	419	10
437	125	3
437	135	8
437	155	3
437	215	10
437	222	6
437	256	11
437	297	6
437	336	11
437	366	4
438	51	8
438	64	10
438	253	11
438	286	8
438	289	7
439	5	10
439	78	3
439	108	6
439	110	7
439	175	9
439	305	9
439	307	9
439	434	9
439	496	4
440	86	5
440	235	8
440	305	8
440	350	9
440	391	3
440	458	3
441	28	5
441	29	9
441	31	5
441	56	3
441	89	5
441	181	10
441	331	5
442	115	8
442	328	11
442	411	11
442	460	5
443	4	10
443	148	3
443	213	5
443	288	5
443	349	8
443	362	11
443	396	8
443	429	10
444	18	10
444	36	10
444	75	6
444	79	11
444	336	4
444	365	8
444	366	11
444	432	9
444	458	4
444	491	4
445	5	9
445	76	3
445	162	10
445	326	7
445	355	6
446	17	7
446	77	10
446	91	11
446	232	10
446	268	5
446	382	8
446	483	5
447	305	3
447	418	6
448	12	6
448	67	6
448	186	8
448	191	6
448	265	5
448	269	3
448	282	4
448	376	8
448	382	4
448	452	5
448	497	7
449	12	6
449	39	8
449	58	7
449	148	3
449	218	6
449	237	7
449	361	10
449	377	5
450	30	4
450	41	9
450	56	8
450	61	8
450	70	9
450	74	3
450	107	7
450	331	9
450	335	5
450	359	7
450	413	7
450	438	6
450	460	10
450	479	5
451	5	7
451	23	9
451	29	10
451	62	10
451	145	4
451	328	7
451	358	8
451	362	10
451	432	9
452	134	11
452	166	7
452	346	3
453	8	11
453	43	9
453	91	7
453	228	8
453	234	11
453	259	9
453	349	5
453	432	9
453	447	7
453	482	4
454	4	6
454	76	3
454	78	11
454	80	4
454	108	11
454	113	4
454	163	10
454	230	9
454	312	5
454	448	10
455	108	8
455	127	3
455	205	6
455	444	10
455	450	11
456	164	5
456	207	9
456	210	9
456	287	5
456	312	7
456	425	5
456	445	4
456	493	5
457	167	6
457	334	8
458	104	6
458	214	4
458	249	11
458	262	11
458	344	4
458	364	11
459	82	5
459	166	6
459	187	3
459	200	3
459	376	10
459	445	3
459	475	4
459	482	5
460	10	8
460	291	11
460	301	7
460	314	11
460	445	3
460	453	8
460	461	8
461	55	6
461	73	6
461	81	8
461	93	7
461	202	8
461	214	3
461	261	4
461	383	11
461	399	3
461	449	8
461	473	3
462	192	3
462	208	9
462	235	11
462	279	6
462	323	8
462	367	3
463	39	5
463	138	7
463	275	10
463	345	7
463	361	7
463	362	10
463	406	6
463	465	11
463	497	4
464	155	9
464	160	5
464	312	11
464	341	7
464	362	6
464	482	10
465	13	5
465	178	9
465	198	7
465	212	3
465	274	5
465	333	4
466	4	3
466	64	11
466	75	9
466	116	5
466	169	10
466	437	9
467	19	7
467	143	11
467	236	6
467	239	8
467	245	11
467	263	7
467	282	3
467	474	8
467	481	9
468	35	7
468	65	3
468	93	4
468	171	8
468	243	10
468	261	5
468	318	10
468	337	8
469	60	6
469	75	5
469	333	9
469	392	9
469	393	11
469	420	4
469	427	4
469	449	8
470	12	5
470	149	11
470	251	4
470	356	11
471	121	6
471	122	4
471	271	3
471	433	9
471	435	6
471	442	5
472	24	7
472	335	10
472	362	4
472	381	3
472	471	8
473	234	4
473	270	5
473	308	9
473	373	4
473	376	8
474	38	9
474	64	9
474	196	6
474	282	3
474	296	6
474	297	6
474	332	5
474	407	11
475	6	9
475	101	8
475	111	6
475	118	11
475	202	9
475	273	8
475	287	9
475	289	6
475	383	3
475	400	10
475	446	6
476	92	11
476	234	8
476	367	9
476	411	7
476	453	6
477	9	4
477	150	5
477	188	11
477	260	6
477	266	7
477	386	3
477	474	11
478	30	5
478	32	3
478	81	10
478	96	4
478	100	3
478	195	8
478	213	5
478	219	5
478	329	9
478	353	3
478	411	11
478	429	4
479	53	5
479	65	10
479	269	7
479	296	11
479	325	4
479	357	3
479	370	3
479	374	9
479	375	4
479	481	5
479	489	10
480	52	4
480	138	5
480	171	8
480	192	6
480	240	5
480	312	8
480	330	4
480	342	5
481	3	8
481	20	7
481	44	5
481	60	3
481	78	5
481	142	3
481	189	3
481	191	11
481	196	3
481	221	4
481	255	4
481	272	11
481	328	7
481	363	4
481	388	7
481	395	4
481	480	7
482	37	9
482	55	11
482	86	4
482	398	6
483	382	9
483	397	8
484	164	6
484	212	3
484	396	11
485	26	8
485	53	8
485	58	7
486	241	7
486	288	5
486	315	4
486	353	5
487	11	7
487	33	7
487	242	10
487	409	7
488	275	9
488	322	9
488	415	6
489	12	10
489	77	6
489	140	3
489	155	11
489	168	11
489	219	9
489	331	6
489	336	8
489	361	4
489	472	4
490	7	10
490	235	8
490	402	3
491	15	9
491	33	9
491	64	9
491	175	7
491	236	7
491	344	4
491	350	5
491	367	3
491	377	4
491	441	8
491	449	6
491	467	8
492	8	4
492	15	5
492	26	10
492	90	5
492	352	9
492	353	9
492	379	7
492	423	4
492	476	5
493	41	9
493	201	3
493	248	11
493	262	10
493	273	4
493	285	3
493	301	10
493	335	9
493	474	10
494	62	4
494	78	11
494	93	10
494	365	11
494	373	11
495	29	7
495	35	9
495	74	9
495	90	6
495	151	5
495	356	9
495	423	7
495	442	4
495	447	10
496	7	8
496	95	4
496	151	8
496	216	3
496	251	11
496	383	3
496	408	5
497	10	4
497	19	11
497	177	8
497	335	10
497	393	4
498	163	8
498	235	6
498	253	7
498	254	7
498	389	7
498	397	7
498	406	8
498	464	4
499	115	9
499	143	10
499	168	9
499	257	5
499	343	3
499	357	6
499	385	4
499	386	6
499	454	10
499	496	3
500	23	4
500	150	6
500	153	9
500	253	11
500	371	8
500	382	8
500	448	6
