1	2	6643	91
1	31	6790	97
2	1	6609	95
2	3	6645	82
2	32	6657	92
3	2	6859	85
3	4	6922	95
3	33	6796	97
4	3	6682	93
4	5	6649	83
4	34	6699	85
5	4	6648	99
5	6	6617	87
5	35	6634	80
6	5	6989	85
6	7	6818	98
6	36	6761	88
7	6	6949	93
7	8	6931	84
7	37	6730	85
8	7	6856	81
8	9	6664	96
8	38	6790	96
9	8	6788	88
9	10	6701	87
9	39	6892	98
10	9	6716	84
10	11	6925	97
10	40	6775	100
11	10	6789	83
11	12	6723	99
11	41	6920	94
12	11	6659	88
12	13	6904	86
12	42	6810	96
13	12	6807	83
13	14	6883	98
13	43	6957	85
14	13	6739	93
14	15	6774	86
14	44	6807	93
15	14	6888	94
15	16	6771	82
15	45	6889	96
16	15	6945	91
16	17	6657	88
16	46	6884	92
17	16	6826	98
17	18	6756	83
17	47	6839	82
18	17	6979	88
18	19	6763	94
18	48	6689	96
19	18	6701	94
19	20	6788	80
19	49	6788	94
20	19	6734	86
20	21	6996	100
20	50	6798	100
21	20	6803	94
21	22	6649	82
21	51	6958	89
22	21	6903	98
22	23	6676	88
22	52	6912	100
23	22	6751	89
23	24	6891	81
23	53	6603	92
24	23	6777	98
24	25	6834	92
24	54	6691	92
25	24	6638	92
25	26	6881	96
25	55	6710	94
26	25	6881	99
26	27	6976	97
26	56	6785	97
27	26	6910	92
27	28	6968	89
27	57	6716	95
28	27	6878	82
28	29	6696	84
28	58	6769	89
29	28	6700	99
29	30	6652	96
29	59	6919	81
30	29	6786	94
30	60	6969	94
31	1	6762	95
31	32	6912	80
31	61	6897	81
32	2	6809	95
32	31	6877	94
32	33	6881	95
32	62	6878	81
33	3	6745	88
33	32	6743	81
33	34	6644	94
33	63	6861	80
34	4	6845	98
34	33	6873	94
34	35	6990	80
34	64	6844	86
35	5	6701	95
35	34	6656	82
35	36	6922	98
35	65	6973	85
36	6	6647	81
36	35	6728	95
36	37	6639	86
36	66	6890	91
37	7	6771	93
37	36	6989	87
37	38	6726	96
37	67	6680	99
38	8	6899	99
38	37	6699	89
38	39	6609	98
38	68	6918	93
39	9	6888	87
39	38	6857	91
39	40	6744	83
39	69	6727	85
40	10	6825	96
40	39	6868	97
40	41	6799	96
40	70	6967	82
41	11	6855	82
41	40	6933	84
41	42	6683	94
41	71	6667	86
42	12	6637	100
42	41	6942	93
42	43	6710	93
42	72	6998	96
43	13	6963	87
43	42	6921	94
43	44	6922	87
43	73	6928	83
44	14	6725	83
44	43	6605	96
44	45	6676	96
44	74	6835	89
45	15	6965	83
45	44	6785	91
45	46	6921	92
45	75	6628	92
46	16	6805	85
46	45	6818	94
46	47	6651	94
46	76	6655	95
47	17	6990	84
47	46	6923	83
47	48	6783	84
47	77	6737	94
48	18	6618	89
48	47	6874	85
48	49	6936	92
48	78	6825	85
49	19	6822	98
49	48	6896	92
49	50	6756	99
49	79	6993	97
50	20	6967	89
50	49	6794	84
50	51	6866	80
50	80	6693	80
51	21	6713	97
51	50	6701	98
51	52	6694	86
51	81	6965	94
52	22	6721	85
52	51	6685	91
52	53	6642	84
52	82	6728	88
53	23	6956	84
53	52	6604	81
53	54	6664	82
53	83	6864	83
54	24	6953	86
54	53	6638	91
54	55	6712	100
54	84	6803	83
55	25	6606	95
55	54	6708	85
55	56	6706	80
55	85	6915	91
56	26	6642	84
56	55	6779	86
56	57	6706	94
56	86	6643	85
57	27	6950	85
57	56	6687	82
57	58	6936	84
57	87	6863	97
58	28	6713	94
58	57	6673	95
58	59	6720	81
58	88	6806	85
59	29	6925	85
59	58	6860	100
59	60	6809	91
59	89	6840	82
60	30	6835	80
60	59	6873	85
60	90	6943	96
61	31	6628	83
61	62	6893	84
61	91	6616	88
62	32	6722	88
62	61	6781	91
62	63	6964	94
62	92	6623	86
63	33	6846	92
63	62	6709	92
63	64	6756	93
63	93	6991	83
64	34	6778	99
64	63	6786	86
64	65	6842	84
64	94	6910	88
65	35	6712	86
65	64	6751	88
65	66	6829	85
65	95	6998	94
66	36	6686	98
66	65	6834	88
66	67	6640	94
66	96	6864	81
67	37	6719	93
67	66	6751	98
67	68	6663	100
67	97	6899	93
68	38	6826	87
68	67	6648	91
68	69	6752	95
68	98	6712	100
69	39	6774	91
69	68	6736	84
69	70	6610	97
69	99	6832	85
70	40	6852	89
70	69	6907	93
70	71	6744	95
70	100	6876	84
71	41	6695	82
71	70	6655	97
71	72	6945	89
71	101	6794	88
72	42	6652	91
72	71	6613	100
72	73	6646	86
72	102	6827	98
73	43	6741	96
73	72	6817	88
73	74	6939	92
73	103	6758	98
74	44	6856	94
74	73	6605	89
74	75	6998	93
74	104	6888	82
75	45	6900	85
75	74	6879	82
75	76	6678	98
75	105	6955	85
76	46	6892	97
76	75	6819	96
76	77	6848	85
76	106	6982	84
77	47	6919	85
77	76	6986	84
77	78	6829	87
77	107	6701	81
78	48	6996	99
78	77	6906	93
78	79	6891	86
78	108	6736	94
79	49	6688	82
79	78	6662	85
79	80	6769	88
79	109	6973	81
80	50	6969	81
80	79	6996	82
80	81	6973	96
80	110	6930	98
81	51	6969	82
81	80	6645	91
81	82	6646	92
81	111	6732	96
82	52	6883	94
82	81	6609	86
82	83	6729	93
82	112	6704	85
83	53	6885	88
83	82	6879	88
83	84	6606	88
83	113	6605	88
84	54	6941	94
84	83	6923	98
84	85	6982	87
84	114	6902	91
85	55	6948	84
85	84	6653	81
85	86	6761	94
85	115	6708	94
86	56	6886	97
86	85	6783	88
86	87	6687	81
86	116	6781	100
87	57	6843	93
87	86	6887	83
87	88	6709	83
87	117	6623	93
88	58	6956	96
88	87	6872	97
88	89	6628	87
88	118	6856	99
89	59	6762	82
89	88	6978	81
89	90	6603	84
89	119	6726	94
90	60	6791	80
90	89	6819	87
90	120	6659	82
91	61	6707	81
91	92	6685	88
91	121	6979	93
92	62	6975	98
92	91	6862	91
92	93	6695	97
92	122	6865	89
93	63	6905	92
93	92	6928	93
93	94	6817	95
93	123	6747	88
94	64	6903	93
94	93	6774	89
94	95	6841	86
94	124	6878	91
95	65	6904	96
95	94	6826	96
95	96	6763	80
95	125	6827	81
96	66	6934	98
96	95	6675	100
96	97	6829	100
96	126	6717	97
97	67	6703	80
97	96	6679	88
97	98	6669	82
97	127	6695	80
98	68	6751	89
98	97	6780	93
98	99	6793	85
98	128	6744	81
99	69	6702	99
99	98	6933	100
99	100	6699	96
99	129	6742	80
100	70	6796	97
100	99	6977	96
100	101	6863	91
100	130	6890	91
101	71	6652	83
101	100	6751	96
101	102	6872	94
101	131	6816	81
102	72	6639	98
102	101	6661	96
102	103	6966	94
102	132	6669	88
103	73	6999	87
103	102	6724	88
103	104	6841	87
103	133	6914	92
104	74	6901	95
104	103	6700	93
104	105	6990	97
104	134	6942	89
105	75	6978	89
105	104	6911	87
105	106	6830	88
105	135	6814	82
106	76	6719	97
106	105	6773	97
106	107	6889	82
106	136	6630	96
107	77	6661	98
107	106	6650	88
107	108	6911	84
107	137	6670	97
108	78	6770	94
108	107	6839	81
108	109	6740	89
108	138	6779	84
109	79	6948	91
109	108	6904	96
109	110	6645	82
109	139	6948	89
110	80	6643	87
110	109	6765	96
110	111	6754	89
110	140	6773	81
111	81	6719	97
111	110	6764	98
111	112	6656	93
111	141	6918	87
112	82	6954	100
112	111	6905	93
112	113	6830	80
112	142	6699	89
113	83	6722	97
113	112	6902	80
113	114	6970	86
113	143	6889	81
114	84	6622	80
114	113	6823	84
114	115	6865	84
114	144	6663	96
115	85	6624	96
115	114	6770	86
115	116	6896	97
115	145	6602	95
116	86	6886	100
116	115	6973	88
116	117	6612	99
116	146	6651	87
117	87	6804	94
117	116	6754	94
117	118	6857	93
117	147	6965	88
118	88	6873	96
118	117	6924	95
118	119	6687	94
118	148	6941	97
119	89	6896	92
119	118	6874	82
119	120	6975	80
119	149	6747	83
120	90	6726	80
120	119	6934	88
120	150	6727	80
121	91	6675	81
121	122	6690	91
121	151	6837	86
122	92	6805	93
122	121	6613	81
122	123	6666	91
122	152	6883	83
123	93	6697	91
123	122	6965	84
123	124	6970	95
123	153	6636	83
124	94	6613	97
124	123	6915	89
124	125	6818	80
124	154	6943	94
125	95	6950	85
125	124	6961	88
125	126	6719	89
125	155	6906	88
126	96	6614	98
126	125	6829	96
126	127	6978	80
126	156	6808	95
127	97	6634	80
127	126	6866	80
127	128	6652	83
127	157	6619	89
128	98	6952	97
128	127	6847	92
128	129	6734	80
128	158	6670	98
129	99	6846	85
129	128	6695	89
129	130	6723	95
129	159	6941	81
130	100	6834	99
130	129	6616	85
130	131	6740	93
130	160	6745	98
131	101	6947	94
131	130	6794	91
131	132	6763	96
131	161	6834	86
132	102	6811	95
132	131	6923	96
132	133	6730	95
132	162	6950	88
133	103	6813	86
133	132	6905	89
133	134	6678	93
133	163	6803	97
134	104	6612	95
134	133	6637	81
134	135	6691	89
134	164	6729	98
135	105	6649	86
135	134	6974	85
135	136	6995	95
135	165	6800	83
136	106	6930	80
136	135	6601	94
136	137	6787	85
136	166	6632	82
137	107	6740	82
137	136	6921	88
137	138	6953	91
137	167	6677	96
138	108	6747	94
138	137	6865	85
138	139	6824	83
138	168	6837	95
139	109	6764	87
139	138	6949	83
139	140	6955	82
139	169	6785	95
140	110	6625	91
140	139	6877	80
140	141	6872	82
140	170	6631	87
141	111	6648	99
141	140	6813	89
141	142	6957	91
141	171	6727	81
142	112	6734	96
142	141	6627	84
142	143	6636	91
142	172	6834	87
143	113	6977	97
143	142	6833	99
143	144	6820	87
143	173	6659	92
144	114	6837	96
144	143	6729	95
144	145	6778	82
144	174	6777	84
145	115	6949	88
145	144	6653	97
145	146	6997	91
145	175	6743	95
146	116	6620	93
146	145	6664	100
146	147	6983	98
146	176	6626	91
147	117	6685	94
147	146	6962	87
147	148	6784	92
147	177	6747	89
148	118	6779	89
148	147	6768	84
148	149	6782	81
148	178	6663	87
149	119	6688	88
149	148	6955	95
149	150	6917	97
149	179	6995	87
150	120	6849	98
150	149	6772	95
150	180	6723	82
151	121	6708	99
151	152	6848	83
151	181	6745	100
152	122	6911	85
152	151	6673	94
152	153	6990	95
152	182	6889	91
153	123	6689	95
153	152	6899	99
153	154	6601	97
153	183	6730	86
154	124	6760	96
154	153	6677	92
154	155	6917	91
154	184	6656	83
155	125	6971	93
155	154	6616	98
155	156	6636	83
155	185	6707	96
156	126	6980	82
156	155	6616	83
156	157	6783	80
156	186	6721	96
157	127	6886	88
157	156	6760	87
157	158	6956	81
157	187	6736	94
158	128	6606	87
158	157	6763	95
158	159	6815	97
158	188	6781	88
159	129	6948	88
159	158	6975	87
159	160	6881	91
159	189	6950	97
160	130	6739	97
160	159	6956	95
160	161	6895	81
160	190	6876	83
161	131	6989	83
161	160	6632	83
161	162	6611	98
161	191	6726	89
162	132	6834	97
162	161	6852	95
162	163	6888	98
162	192	6821	81
163	133	6629	97
163	162	6749	98
163	164	6728	87
163	193	6793	83
164	134	6955	84
164	163	6726	100
164	165	6936	85
164	194	7000	94
165	135	6896	95
165	164	6871	96
165	166	6860	96
165	195	6700	92
166	136	6762	98
166	165	6823	85
166	167	6878	86
166	196	6906	99
167	137	6997	99
167	166	6894	81
167	168	6683	80
167	197	6828	80
168	138	6862	93
168	167	6861	99
168	169	6842	93
168	198	6623	100
169	139	6635	91
169	168	6645	88
169	170	6883	98
169	199	6954	97
170	140	6901	94
170	169	6881	98
170	171	6974	85
170	200	6876	83
171	141	6686	83
171	170	6804	80
171	172	6862	98
171	201	6967	95
172	142	6812	95
172	171	6649	86
172	173	6722	82
172	202	6808	93
173	143	6614	89
173	172	6786	92
173	174	6797	95
173	203	6929	86
174	144	6807	87
174	173	6807	82
174	175	6868	100
174	204	6730	87
175	145	6641	89
175	174	6763	100
175	176	6845	96
175	205	6893	89
176	146	6925	84
176	175	6978	96
176	177	6711	88
176	206	6602	97
177	147	6671	83
177	176	6644	93
177	178	6706	81
177	207	6864	89
178	148	6927	83
178	177	6812	85
178	179	6800	94
178	208	6675	95
179	149	6758	98
179	178	6797	89
179	180	6724	96
179	209	6913	92
180	150	6940	87
180	179	6792	87
180	210	6816	80
181	151	6684	88
181	182	6727	81
181	211	6930	99
182	152	6950	95
182	181	6642	96
182	183	6853	81
182	212	6783	91
183	153	6607	89
183	182	6778	82
183	184	6942	92
183	213	6718	81
184	154	6950	95
184	183	6800	100
184	185	6863	91
184	214	6734	96
185	155	6769	85
185	184	6618	82
185	186	6630	81
185	215	6974	97
186	156	6758	81
186	185	6643	85
186	187	6769	83
186	216	6733	85
187	157	6779	92
187	186	6612	85
187	188	6949	83
187	217	6981	97
188	158	6989	97
188	187	6652	91
188	189	6817	81
188	218	6802	84
189	159	6677	84
189	188	6903	86
189	190	6810	91
189	219	6767	95
190	160	6893	92
190	189	6995	88
190	191	6900	85
190	220	6855	95
191	161	6702	92
191	190	6911	91
191	192	6645	87
191	221	6731	84
192	162	6766	88
192	191	6938	91
192	193	6896	80
192	222	6795	97
193	163	6871	87
193	192	6619	100
193	194	6929	80
193	223	6618	92
194	164	6705	92
194	193	6818	80
194	195	6967	87
194	224	6768	87
195	165	6914	95
195	194	6816	87
195	196	6649	96
195	225	6650	94
196	166	6919	80
196	195	6946	95
196	197	6608	92
196	226	6764	85
197	167	6955	87
197	196	6681	99
197	198	6927	95
197	227	6798	86
198	168	6783	91
198	197	6681	91
198	199	6834	80
198	228	6768	87
199	169	6948	92
199	198	6727	80
199	200	6987	99
199	229	6612	81
200	170	6648	80
200	199	6836	83
200	201	6732	82
200	230	6662	95
201	171	6858	98
201	200	6687	84
201	202	6876	92
201	231	6795	89
202	172	6800	91
202	201	6649	81
202	203	6754	94
202	232	6679	88
203	173	6792	94
203	202	6753	86
203	204	6938	92
203	233	6931	93
204	174	6764	100
204	203	6890	97
204	205	6763	80
204	234	6797	84
205	175	6684	100
205	204	6968	93
205	206	6828	92
205	235	6961	91
206	176	6967	89
206	205	6732	80
206	207	6828	85
206	236	6701	85
207	177	6728	91
207	206	6762	94
207	208	6889	82
207	237	6810	97
208	178	6740	95
208	207	6760	94
208	209	6766	83
208	238	6676	95
209	179	6960	83
209	208	6642	84
209	210	6665	85
209	239	6962	98
210	180	6682	94
210	209	6938	84
210	240	6846	100
211	181	6664	93
211	212	6790	99
211	241	6830	84
212	182	6981	83
212	211	6791	83
212	213	6962	80
212	242	6720	87
213	183	6823	80
213	212	6661	98
213	214	6888	82
213	243	6855	82
214	184	6751	100
214	213	6631	83
214	215	6780	92
214	244	6918	100
215	185	6944	84
215	214	6873	80
215	216	6611	93
215	245	6891	88
216	186	6961	95
216	215	6808	93
216	217	6974	96
216	246	6913	96
217	187	6884	80
217	216	6815	91
217	218	6994	95
217	247	6842	93
218	188	6979	94
218	217	6814	87
218	219	6980	100
218	248	6822	95
219	189	6648	99
219	218	6961	82
219	220	6873	96
219	249	6788	94
220	190	6831	82
220	219	6634	94
220	221	6936	81
220	250	6606	80
221	191	6615	100
221	220	6952	93
221	222	6977	89
221	251	6768	92
222	192	6622	99
222	221	6623	94
222	223	6942	97
222	252	6944	99
223	193	6731	86
223	222	6739	86
223	224	6756	86
223	253	6723	95
224	194	6701	99
224	223	6732	94
224	225	6667	86
224	254	6636	91
225	195	6854	98
225	224	6692	87
225	226	6763	87
225	255	6983	82
226	196	6985	83
226	225	6684	98
226	227	6909	89
226	256	6975	89
227	197	6654	80
227	226	6645	94
227	228	6990	91
227	257	6906	81
228	198	6631	95
228	227	6702	95
228	229	6700	93
228	258	6659	94
229	199	6654	83
229	228	6704	97
229	230	6750	86
229	259	6870	98
230	200	6853	84
230	229	6787	80
230	231	6764	89
230	260	6854	99
231	201	6825	97
231	230	6993	94
231	232	6906	99
231	261	6807	87
232	202	6893	87
232	231	6939	80
232	233	6926	91
232	262	6806	85
233	203	6736	94
233	232	6761	86
233	234	6861	92
233	263	6897	81
234	204	6741	98
234	233	6739	80
234	235	6672	82
234	264	6812	93
235	205	6843	91
235	234	6827	91
235	236	6682	89
235	265	6803	82
236	206	6609	95
236	235	6674	94
236	237	6852	98
236	266	6926	87
237	207	6940	83
237	236	6987	100
237	238	6792	95
237	267	6664	84
238	208	6745	88
238	237	6811	86
238	239	6941	91
238	268	6629	87
239	209	6951	91
239	238	6765	92
239	240	6795	81
239	269	6631	91
240	210	6810	84
240	239	6829	87
240	270	6644	94
241	211	6640	98
241	242	6875	81
241	271	6711	81
242	212	6665	84
242	241	6956	83
242	243	6792	86
242	272	6989	84
243	213	6660	80
243	242	6881	85
243	244	6683	82
243	273	6655	89
244	214	6674	81
244	243	6634	86
244	245	6680	82
244	274	6866	82
245	215	6981	95
245	244	6991	95
245	246	6965	97
245	275	6911	87
246	216	6876	87
246	245	6989	91
246	247	6887	89
246	276	6622	91
247	217	6757	96
247	246	6989	91
247	248	6719	96
247	277	6823	87
248	218	6943	96
248	247	6616	81
248	249	6612	100
248	278	6836	87
249	219	6902	83
249	248	6891	83
249	250	6704	95
249	279	6670	83
250	220	6744	88
250	249	6866	88
250	251	6968	98
250	280	6877	92
251	221	6649	93
251	250	6871	82
251	252	6730	89
251	281	6918	91
252	222	6880	85
252	251	6689	95
252	253	6849	100
252	282	6632	100
253	223	6860	91
253	252	6775	92
253	254	6904	93
253	283	6821	85
254	224	6763	92
254	253	6821	84
254	255	6752	94
254	284	6783	85
255	225	6885	82
255	254	6990	100
255	256	6829	98
255	285	6772	85
256	226	6657	87
256	255	6924	86
256	257	6945	93
256	286	6834	83
257	227	6968	86
257	256	6649	95
257	258	6745	88
257	287	6803	93
258	228	6852	84
258	257	6873	82
258	259	6789	81
258	288	6885	80
259	229	6605	83
259	258	6806	100
259	260	6625	84
259	289	6840	92
260	230	6801	97
260	259	7000	83
260	261	6807	81
260	290	6763	91
261	231	6852	88
261	260	6939	87
261	262	6823	91
261	291	6702	93
262	232	6602	94
262	261	6875	83
262	263	6706	83
262	292	6894	100
263	233	6983	80
263	262	6825	93
263	264	6667	86
263	293	6656	100
264	234	6832	97
264	263	6654	100
264	265	6946	97
264	294	6932	89
265	235	6699	88
265	264	6943	88
265	266	6605	91
265	295	6912	92
266	236	6730	100
266	265	6961	85
266	267	6662	97
266	296	6934	94
267	237	6682	85
267	266	6649	88
267	268	6700	80
267	297	6881	97
268	238	6726	81
268	267	6933	100
268	269	6731	92
268	298	6689	86
269	239	6707	89
269	268	6880	89
269	270	6674	96
269	299	6975	92
270	240	6927	82
270	269	6802	82
270	300	6797	98
271	241	6794	83
271	272	6899	81
271	301	6626	85
272	242	6708	91
272	271	6955	93
272	273	6751	84
272	302	6641	93
273	243	6636	80
273	272	6678	100
273	274	6937	81
273	303	6739	80
274	244	6981	93
274	273	6837	86
274	275	6908	83
274	304	6850	81
275	245	6681	89
275	274	6780	86
275	276	6819	91
275	305	6700	86
276	246	6771	82
276	275	6742	88
276	277	6931	87
276	306	6793	80
277	247	6889	84
277	276	6877	95
277	278	6762	98
277	307	6731	97
278	248	6696	94
278	277	6897	97
278	279	6662	80
278	308	6791	82
279	249	6764	91
279	278	6959	96
279	280	6665	80
279	309	6861	86
280	250	6911	84
280	279	6987	93
280	281	6884	100
280	310	6660	100
281	251	6925	88
281	280	6657	98
281	282	6715	82
281	311	6939	87
282	252	6856	98
282	281	6856	88
282	283	6703	80
282	312	6797	93
283	253	6628	91
283	282	6817	82
283	284	6745	91
283	313	6797	81
284	254	6944	81
284	283	6960	99
284	285	6880	100
284	314	6623	89
285	255	6834	83
285	284	6829	86
285	286	6741	91
285	315	6965	96
286	256	6616	81
286	285	6966	81
286	287	6718	93
286	316	6770	92
287	257	6833	83
287	286	6903	86
287	288	6904	98
287	317	6738	98
288	258	6727	93
288	287	6908	89
288	289	6888	92
288	318	6620	91
289	259	6811	80
289	288	6893	85
289	290	6849	100
289	319	6785	87
290	260	6700	94
290	289	6884	87
290	291	6619	98
290	320	6797	85
291	261	6772	94
291	290	6879	94
291	292	6774	85
291	321	6715	80
292	262	6812	97
292	291	6908	100
292	293	6825	87
292	322	6601	100
293	263	6607	87
293	292	6689	94
293	294	6957	93
293	323	6792	92
294	264	6848	83
294	293	6916	91
294	295	6792	80
294	324	6801	87
295	265	6916	83
295	294	6775	99
295	296	6824	91
295	325	7000	94
296	266	6692	100
296	295	6911	94
296	297	6808	96
296	326	6972	89
297	267	6978	96
297	296	6846	88
297	298	6747	88
297	327	6654	98
298	268	6871	93
298	297	6872	97
298	299	6748	98
298	328	6985	100
299	269	6669	91
299	298	6635	98
299	300	6609	87
299	329	6966	100
300	270	6655	82
300	299	6799	86
300	330	6604	98
301	271	6647	92
301	302	6736	84
301	331	6834	88
302	272	6710	96
302	301	6958	80
302	303	6896	100
302	332	6916	80
303	273	6971	86
303	302	6688	84
303	304	6614	91
303	333	6965	96
304	274	6622	84
304	303	6728	88
304	305	6830	91
304	334	6827	80
305	275	6677	89
305	304	6700	94
305	306	6999	94
305	335	6612	98
306	276	6801	80
306	305	6863	89
306	307	6817	88
306	336	6812	82
307	277	6769	94
307	306	6830	96
307	308	6765	97
307	337	6791	95
308	278	6942	99
308	307	6801	85
308	309	6640	97
308	338	6881	80
309	279	6843	86
309	308	6814	83
309	310	6638	96
309	339	6681	81
310	280	6687	99
310	309	6948	83
310	311	6948	94
310	340	6777	84
311	281	6927	95
311	310	6768	94
311	312	6815	89
311	341	6899	98
312	282	6683	81
312	311	6942	87
312	313	6651	92
312	342	6923	88
313	283	6915	85
313	312	6929	97
313	314	6933	85
313	343	6928	98
314	284	6793	84
314	313	6864	80
314	315	6669	89
314	344	6730	92
315	285	6750	83
315	314	6740	89
315	316	6790	93
315	345	6693	84
316	286	6649	97
316	315	6606	89
316	317	6823	100
316	346	6642	87
317	287	6956	100
317	316	6894	92
317	318	6617	85
317	347	6684	84
318	288	6961	98
318	317	6983	100
318	319	6681	88
318	348	6743	87
319	289	6721	91
319	318	6719	82
319	320	6895	84
319	349	6639	84
320	290	6778	80
320	319	6996	97
320	321	6756	97
320	350	6705	95
321	291	6729	99
321	320	6919	84
321	322	6928	95
321	351	6767	99
322	292	6692	100
322	321	6849	94
322	323	6849	82
322	352	6691	91
323	293	6745	86
323	322	6861	97
323	324	6965	87
323	353	6722	86
324	294	6796	83
324	323	6709	94
324	325	6746	100
324	354	6806	100
325	295	6745	80
325	324	6818	98
325	326	6663	80
325	355	6735	93
326	296	6997	84
326	325	6824	82
326	327	6860	96
326	356	6700	99
327	297	6801	95
327	326	6755	92
327	328	6716	84
327	357	6887	92
328	298	6866	83
328	327	6986	97
328	329	6830	91
328	358	6917	99
329	299	6914	98
329	328	6868	81
329	330	6820	93
329	359	6938	94
330	300	6652	81
330	329	6945	80
330	360	6866	100
331	301	6798	97
331	332	6795	92
331	361	6675	100
332	302	6795	98
332	331	6698	82
332	333	6636	84
332	362	6970	92
333	303	6640	93
333	332	6935	93
333	334	6798	82
333	363	6653	94
334	304	6855	87
334	333	6963	82
334	335	6843	92
334	364	6967	81
335	305	6937	89
335	334	6968	93
335	336	6804	100
335	365	6828	84
336	306	6628	80
336	335	6981	85
336	337	6693	82
336	366	6943	97
337	307	6848	98
337	336	6738	84
337	338	6654	84
337	367	6714	86
338	308	6929	93
338	337	6889	95
338	339	6617	95
338	368	6818	99
339	309	6914	97
339	338	6791	99
339	340	6930	88
339	369	6603	96
340	310	6675	89
340	339	6679	95
340	341	6809	81
340	370	6789	94
341	311	6622	92
341	340	6628	84
341	342	6891	91
341	371	6603	95
342	312	6959	92
342	341	6933	82
342	343	6736	96
342	372	6647	95
343	313	6652	81
343	342	6705	99
343	344	6751	87
343	373	6626	97
344	314	6671	100
344	343	6897	91
344	345	6994	86
344	374	6836	80
345	315	6670	91
345	344	6987	87
345	346	6717	93
345	375	6929	92
346	316	6866	85
346	345	6705	94
346	347	6720	91
346	376	6872	80
347	317	6677	96
347	346	6847	83
347	348	6768	83
347	377	6803	86
348	318	6686	93
348	347	6958	93
348	349	6944	96
348	378	6706	81
349	319	6697	91
349	348	6722	96
349	350	6789	98
349	379	6611	81
350	320	6829	83
350	349	6852	97
350	351	6702	80
350	380	6635	95
351	321	6831	92
351	350	6708	96
351	352	6655	92
351	381	6776	99
352	322	6969	91
352	351	6849	84
352	353	6690	97
352	382	6970	91
353	323	6847	84
353	352	6919	99
353	354	6662	97
353	383	6925	91
354	324	6729	92
354	353	6710	82
354	355	6877	86
354	384	6647	96
355	325	6926	87
355	354	6781	86
355	356	6711	99
355	385	6770	81
356	326	6999	85
356	355	6869	96
356	357	6854	97
356	386	6794	97
357	327	6758	87
357	356	6891	95
357	358	6642	100
357	387	6756	93
358	328	6806	96
358	357	6758	82
358	359	6952	98
358	388	6841	91
359	329	6989	92
359	358	6611	86
359	360	6912	83
359	389	6843	100
360	330	6935	94
360	359	6886	85
360	390	6891	93
361	331	6790	97
361	362	6613	86
361	391	6628	83
362	332	6833	88
362	361	6649	95
362	363	6702	87
362	392	6664	96
363	333	6795	80
363	362	6822	81
363	364	6719	96
363	393	6846	100
364	334	6753	97
364	363	6937	93
364	365	6669	98
364	394	6781	82
365	335	6944	98
365	364	6666	89
365	366	6986	92
365	395	6847	82
366	336	6989	89
366	365	6856	81
366	367	6918	83
366	396	6933	86
367	337	6686	82
367	366	6713	82
367	368	6929	88
367	397	6885	97
368	338	6708	92
368	367	6928	86
368	369	6871	84
368	398	6898	99
369	339	6892	96
369	368	6877	94
369	370	6694	98
369	399	6643	93
370	340	6763	92
370	369	6989	94
370	371	6658	92
370	400	6963	86
371	341	6767	88
371	370	6811	92
371	372	6602	89
371	401	6931	85
372	342	6873	81
372	371	6675	95
372	373	6841	87
372	402	6900	100
373	343	6603	92
373	372	6673	87
373	374	6647	80
373	403	6739	92
374	344	6757	96
374	373	6866	85
374	375	6882	99
374	404	6692	86
375	345	6891	96
375	374	6834	99
375	376	6739	89
375	405	6839	93
376	346	6817	91
376	375	6871	87
376	377	6763	96
376	406	6611	91
377	347	6979	100
377	376	6950	100
377	378	6900	92
377	407	6734	98
378	348	6772	87
378	377	6967	85
378	379	6956	95
378	408	6644	95
379	349	6874	81
379	378	6769	100
379	380	6609	95
379	409	6965	88
380	350	6637	84
380	379	6691	84
380	381	6747	100
380	410	6871	87
381	351	6609	80
381	380	6701	95
381	382	6898	99
381	411	6755	89
382	352	6859	93
382	381	6878	85
382	383	6901	81
382	412	6788	83
383	353	6743	96
383	382	6927	97
383	384	6797	88
383	413	6618	86
384	354	6800	91
384	383	6647	92
384	385	6687	89
384	414	6787	99
385	355	6821	87
385	384	6665	94
385	386	6930	83
385	415	6706	95
386	356	6767	84
386	385	6945	97
386	387	6844	96
386	416	6980	94
387	357	6986	81
387	386	6787	82
387	388	6659	87
387	417	6911	92
388	358	6800	91
388	387	6631	82
388	389	6906	81
388	418	6978	85
389	359	6728	82
389	388	6977	93
389	390	6780	93
389	419	6718	97
390	360	6997	88
390	389	6721	83
390	420	6867	94
391	361	6615	100
391	392	6803	98
391	421	6650	91
392	362	6968	84
392	391	6807	86
392	393	6604	89
392	422	6771	86
393	363	6807	80
393	392	6828	91
393	394	6680	100
393	423	6816	96
394	364	6772	84
394	393	6801	89
394	395	6644	100
394	424	6621	100
395	365	6857	88
395	394	6680	100
395	396	6757	95
395	425	6891	93
396	366	6963	92
396	395	6772	93
396	397	6903	80
396	426	6678	85
397	367	6724	80
397	396	6938	86
397	398	6913	92
397	427	6862	91
398	368	6824	92
398	397	6890	91
398	399	6859	84
398	428	6764	98
399	369	6758	87
399	398	7000	98
399	400	6621	100
399	429	6802	95
400	370	6603	93
400	399	6826	80
400	401	6965	86
400	430	6696	98
401	371	6972	83
401	400	6772	86
401	402	6601	95
401	431	6935	97
402	372	6698	80
402	401	6900	85
402	403	6686	81
402	432	6631	97
403	373	6817	86
403	402	6692	87
403	404	6831	99
403	433	6648	91
404	374	6814	84
404	403	6989	88
404	405	6877	80
404	434	6752	82
405	375	6896	88
405	404	6710	86
405	406	6903	86
405	435	6856	96
406	376	6648	82
406	405	6771	87
406	407	6921	99
406	436	6710	100
407	377	6639	80
407	406	6611	96
407	408	6734	82
407	437	6916	98
408	378	6941	88
408	407	6934	96
408	409	6606	87
408	438	6809	83
409	379	6721	91
409	408	6895	93
409	410	6818	100
409	439	6890	97
410	380	6871	100
410	409	6922	89
410	411	6761	82
410	440	6948	83
411	381	6634	80
411	410	6602	87
411	412	6839	100
411	441	6762	80
412	382	6997	91
412	411	6838	97
412	413	6638	91
412	442	6911	96
413	383	6604	94
413	412	6888	91
413	414	6627	88
413	443	6999	85
414	384	6957	92
414	413	6698	80
414	415	6848	97
414	444	6802	80
415	385	6666	95
415	414	6751	84
415	416	6667	93
415	445	6865	82
416	386	6711	95
416	415	6628	95
416	417	6638	87
416	446	6838	93
417	387	6880	97
417	416	6911	100
417	418	6953	100
417	447	6888	80
418	388	6939	82
418	417	6822	83
418	419	6727	84
418	448	6885	83
419	389	6705	89
419	418	6632	95
419	420	7000	93
419	449	6673	100
420	390	6982	100
420	419	6835	80
420	450	6891	94
421	391	6951	100
421	422	6716	84
421	451	6703	96
422	392	7000	87
422	421	6863	95
422	423	6743	96
422	452	6644	100
423	393	6691	81
423	422	6620	91
423	424	6678	80
423	453	6961	98
424	394	6932	94
424	423	6857	95
424	425	6926	80
424	454	6642	84
425	395	6959	94
425	424	6646	89
425	426	6761	93
425	455	6769	98
426	396	6814	88
426	425	6673	80
426	427	6838	86
426	456	6992	87
427	397	6831	92
427	426	6689	84
427	428	6715	88
427	457	6843	86
428	398	6919	91
428	427	6959	80
428	429	6928	100
428	458	6732	94
429	399	6727	85
429	428	6804	91
429	430	6991	94
429	459	6827	80
430	400	6725	89
430	429	6763	96
430	431	6886	81
430	460	6622	94
431	401	6888	84
431	430	6681	88
431	432	6604	95
431	461	6622	92
432	402	6629	81
432	431	6641	98
432	433	6889	83
432	462	6945	91
433	403	6655	94
433	432	6636	93
433	434	6964	92
433	463	6660	95
434	404	6800	82
434	433	6725	99
434	435	6793	99
434	464	6664	93
435	405	6903	98
435	434	6746	87
435	436	6837	95
435	465	6732	94
436	406	6790	85
436	435	6936	93
436	437	6880	93
436	466	6720	100
437	407	6826	100
437	436	6941	86
437	438	6871	82
437	467	6965	93
438	408	6692	84
438	437	6947	98
438	439	6955	92
438	468	6680	100
439	409	6666	91
439	438	6840	80
439	440	6862	92
439	469	6948	95
440	410	6645	100
440	439	6699	89
440	441	6989	94
440	470	6748	85
441	411	6798	84
441	440	6947	82
441	442	6979	93
441	471	6607	92
442	412	6693	84
442	441	6664	95
442	443	6915	87
442	472	6706	86
443	413	6764	98
443	442	6780	92
443	444	6931	95
443	473	6835	96
444	414	6995	88
444	443	6657	82
444	445	6772	94
444	474	6624	81
445	415	6654	96
445	444	6769	98
445	446	6688	95
445	475	6663	88
446	416	6779	84
446	445	6804	91
446	447	6805	96
446	476	6907	96
447	417	6838	81
447	446	6690	96
447	448	6753	81
447	477	6995	86
448	418	6854	100
448	447	6655	94
448	449	6703	89
448	478	6896	83
449	419	6850	84
449	448	6655	99
449	450	6779	83
449	479	6876	85
450	420	6865	87
450	449	6846	93
450	480	6802	95
451	421	6823	97
451	452	6623	99
451	481	6652	80
452	422	6943	88
452	451	6723	88
452	453	6900	85
452	482	6913	100
453	423	6825	96
453	452	6711	84
453	454	6867	85
453	483	6635	87
454	424	6862	86
454	453	6903	94
454	455	6651	96
454	484	6860	82
455	425	6977	99
455	454	6625	85
455	456	6606	99
455	485	6759	85
456	426	6870	98
456	455	6854	93
456	457	6920	85
456	486	6868	92
457	427	6996	84
457	456	6673	99
457	458	6659	99
457	487	6974	96
458	428	6829	87
458	457	6766	98
458	459	6676	93
458	488	6765	91
459	429	6743	96
459	458	6758	83
459	460	6672	99
459	489	6760	94
460	430	6909	100
460	459	6609	99
460	461	6863	82
460	490	6832	91
461	431	6746	92
461	460	6883	89
461	462	6905	100
461	491	6620	99
462	432	6700	99
462	461	6903	87
462	463	6962	98
462	492	6775	100
463	433	6703	89
463	462	6797	88
463	464	6758	100
463	493	6915	93
464	434	6690	83
464	463	6853	86
464	465	6691	91
464	494	6835	82
465	435	6720	96
465	464	6999	84
465	466	6859	84
465	495	6856	96
466	436	6878	88
466	465	6617	97
466	467	6871	97
466	496	6652	96
467	437	6909	86
467	466	6692	80
467	468	6697	80
467	497	6841	95
468	438	6950	81
468	467	6939	95
468	469	6627	82
468	498	6680	83
469	439	6932	95
469	468	6680	95
469	470	6999	85
469	499	6947	83
470	440	6796	100
470	469	6923	91
470	471	6951	88
470	500	6951	92
471	441	6700	89
471	470	6822	97
471	472	6871	93
471	501	6764	98
472	442	6981	97
472	471	6759	89
472	473	6605	91
472	502	6790	83
473	443	6614	80
473	472	6835	82
473	474	6876	96
473	503	6991	80
474	444	6766	92
474	473	6603	87
474	475	6785	93
474	504	6676	98
475	445	6963	98
475	474	6843	99
475	476	6865	87
475	505	6768	81
476	446	6878	86
476	475	6798	84
476	477	6923	88
476	506	6660	87
477	447	6866	82
477	476	6879	85
477	478	6965	98
477	507	6771	89
478	448	6631	88
478	477	6655	88
478	479	6846	94
478	508	6925	98
479	449	6773	98
479	478	6938	88
479	480	6909	88
479	509	6847	94
480	450	6995	85
480	479	6977	89
480	510	6887	95
481	451	6905	96
481	482	6906	86
481	511	6776	98
482	452	6918	86
482	481	6604	95
482	483	6816	88
482	512	6739	98
483	453	6740	95
483	482	6944	83
483	484	6853	96
483	513	6666	82
484	454	6935	85
484	483	6952	81
484	485	6989	93
484	514	6710	95
485	455	6668	93
485	484	6912	96
485	486	6719	92
485	515	6695	80
486	456	6608	99
486	485	6989	91
486	487	6975	92
486	516	6832	86
487	457	6663	99
487	486	6972	95
487	488	6615	100
487	517	6617	85
488	458	6822	95
488	487	6644	87
488	489	6873	92
488	518	6948	86
489	459	6748	98
489	488	6890	92
489	490	6909	84
489	519	6656	80
490	460	6784	95
490	489	6660	97
490	491	6642	100
490	520	6875	81
491	461	6845	96
491	490	6699	87
491	492	6817	98
491	521	6855	86
492	462	6651	92
492	491	6741	96
492	493	6868	99
492	522	6634	95
493	463	6970	92
493	492	6716	87
493	494	6949	89
493	523	6981	91
494	464	6919	98
494	493	6634	85
494	495	6684	85
494	524	6824	96
495	465	6604	83
495	494	6905	97
495	496	6607	85
495	525	6973	85
496	466	6950	99
496	495	6972	88
496	497	6846	86
496	526	6750	97
497	467	6789	84
497	496	6791	92
497	498	6627	92
497	527	6745	86
498	468	6660	96
498	497	6662	87
498	499	6746	97
498	528	6700	95
499	469	6995	83
499	498	6722	100
499	500	6977	80
499	529	6940	100
500	470	6947	95
500	499	6822	88
500	501	6987	91
500	530	6768	82
501	471	6722	84
501	500	6886	93
501	502	6701	94
501	531	6626	96
502	472	6878	91
502	501	6876	86
502	503	6703	82
502	532	6638	85
503	473	6660	96
503	502	6874	87
503	504	6614	89
503	533	6754	85
504	474	6819	85
504	503	6787	87
504	505	6827	92
504	534	6701	87
505	475	6997	81
505	504	6994	96
505	506	6748	100
505	535	6953	87
506	476	6719	98
506	505	6647	80
506	507	6913	97
506	536	6939	88
507	477	6876	87
507	506	6933	81
507	508	6946	91
507	537	6889	99
508	478	6743	95
508	507	6819	80
508	509	6707	92
508	538	6749	88
509	479	6604	80
509	508	6977	85
509	510	6610	94
509	539	6959	87
510	480	6652	93
510	509	6624	99
510	540	6864	85
511	481	6918	96
511	512	6609	89
511	541	6967	89
512	482	6794	85
512	511	6747	91
512	513	6743	84
512	542	6780	96
513	483	6822	81
513	512	6954	82
513	514	6746	96
513	543	6619	93
514	484	6649	95
514	513	6826	86
514	515	6722	87
514	544	6792	81
515	485	6621	91
515	514	6956	95
515	516	6759	82
515	545	6788	85
516	486	6622	82
516	515	6707	88
516	517	6945	95
516	546	6891	96
517	487	6674	99
517	516	6847	85
517	518	6685	96
517	547	6878	99
518	488	6796	92
518	517	6943	97
518	519	6796	91
518	548	6921	88
519	489	6685	92
519	518	6947	88
519	520	6815	84
519	549	6808	100
520	490	6788	85
520	519	6977	86
520	521	6622	83
520	550	6981	95
521	491	6921	82
521	520	6700	87
521	522	6798	87
521	551	6728	94
522	492	6796	92
522	521	6748	96
522	523	6816	95
522	552	6612	82
523	493	6632	87
523	522	6752	85
523	524	6703	94
523	553	6881	92
524	494	6992	83
524	523	6839	82
524	525	6848	87
524	554	6938	92
525	495	6824	86
525	524	6774	93
525	526	6822	87
525	555	6817	97
526	496	6867	97
526	525	6782	88
526	527	6650	98
526	556	6952	85
527	497	6973	88
527	526	6644	84
527	528	6633	80
527	557	6760	80
528	498	6927	98
528	527	6705	83
528	529	6746	85
528	558	6758	80
529	499	6902	91
529	528	6970	82
529	530	6904	91
529	559	6715	100
530	500	6740	82
530	529	6739	88
530	531	6738	89
530	560	6959	91
531	501	6997	86
531	530	6965	95
531	532	6954	100
531	561	6942	84
532	502	6929	96
532	531	6964	86
532	533	6937	95
532	562	6996	97
533	503	6779	85
533	532	6878	92
533	534	6657	82
533	563	6962	100
534	504	6719	91
534	533	6715	81
534	535	6745	94
534	564	6836	87
535	505	6624	88
535	534	6967	98
535	536	6801	100
535	565	6723	87
536	506	6628	81
536	535	6831	97
536	537	6991	99
536	566	6815	81
537	507	6633	81
537	536	6629	93
537	538	6601	88
537	567	6717	95
538	508	6721	83
538	537	6858	98
538	539	6610	81
538	568	6821	95
539	509	6653	98
539	538	6871	94
539	540	6747	81
539	569	6642	87
540	510	6796	80
540	539	6800	98
540	570	6879	93
541	511	6838	97
541	542	6648	87
541	571	6943	86
542	512	6821	87
542	541	6614	92
542	543	6935	86
542	572	6619	92
543	513	6797	96
543	542	6833	81
543	544	6617	93
543	573	6710	98
544	514	6649	80
544	543	6935	89
544	545	6797	85
544	574	6691	86
545	515	6821	91
545	544	6795	93
545	546	6866	95
545	575	6781	95
546	516	6812	87
546	545	6805	92
546	547	6866	95
546	576	6802	85
547	517	6944	100
547	546	6925	97
547	548	6627	92
547	577	6783	100
548	518	6703	84
548	547	6786	88
548	549	6840	97
548	578	6903	92
549	519	6734	100
549	548	6775	80
549	550	6630	86
549	579	6992	91
550	520	6933	91
550	549	6615	97
550	551	6786	95
550	580	6811	84
551	521	6912	81
551	550	6936	88
551	552	6824	89
551	581	6905	88
552	522	6891	89
552	551	6772	83
552	553	6626	87
552	582	6860	87
553	523	6886	96
553	552	6877	92
553	554	6842	81
553	583	6767	81
554	524	6651	84
554	553	6989	85
554	555	6788	84
554	584	6704	84
555	525	6637	83
555	554	6936	82
555	556	6830	92
555	585	6853	89
556	526	6831	89
556	555	6918	100
556	557	6799	89
556	586	6666	91
557	527	6945	80
557	556	6856	86
557	558	6609	80
557	587	6886	87
558	528	6799	99
558	557	6943	99
558	559	6631	86
558	588	6842	88
559	529	6779	87
559	558	6879	85
559	560	6799	81
559	589	6821	83
560	530	6830	92
560	559	6744	94
560	561	6796	84
560	590	6750	100
561	531	6627	82
561	560	6979	81
561	562	6691	92
561	591	6968	100
562	532	6617	84
562	561	6814	91
562	563	6792	85
562	592	6736	83
563	533	6974	96
563	562	6654	95
563	564	6864	95
563	593	6668	91
564	534	6928	99
564	563	6919	97
564	565	6697	98
564	594	6720	85
565	535	6746	80
565	564	6868	88
565	566	6957	85
565	595	6723	82
566	536	6812	91
566	565	6713	96
566	567	6715	100
566	596	6701	87
567	537	6880	80
567	566	6933	99
567	568	6989	80
567	597	6767	97
568	538	6756	99
568	567	6904	98
568	569	6674	88
568	598	6610	96
569	539	6668	85
569	568	6755	85
569	570	6629	85
569	599	6799	100
570	540	6998	81
570	569	6967	94
570	600	6665	94
571	541	6705	100
571	572	6830	87
571	601	6820	91
572	542	6817	94
572	571	6855	87
572	573	6979	96
572	602	6608	87
573	543	6844	93
573	572	6932	97
573	574	6956	100
573	603	6732	80
574	544	6934	91
574	573	6837	93
574	575	6753	91
574	604	6978	92
575	545	6772	91
575	574	6818	83
575	576	6881	93
575	605	6705	99
576	546	6723	84
576	575	6886	86
576	577	6748	87
576	606	6837	85
577	547	6715	94
577	576	6726	84
577	578	6824	81
577	607	6798	97
578	548	6958	82
578	577	6714	89
578	579	6667	88
578	608	6869	87
579	549	6885	98
579	578	6860	83
579	580	6665	99
579	609	6709	85
580	550	6863	97
580	579	6677	80
580	581	6753	93
580	610	6942	91
581	551	6639	91
581	580	6809	80
581	582	6783	89
581	611	6911	85
582	552	6688	87
582	581	6601	86
582	583	6991	97
582	612	6731	98
583	553	6822	96
583	582	6855	86
583	584	6837	97
583	613	6740	83
584	554	6623	89
584	583	6761	89
584	585	6670	97
584	614	6871	80
585	555	6862	98
585	584	6624	96
585	586	6896	88
585	615	6638	96
586	556	6870	80
586	585	6605	92
586	587	6688	82
586	616	6679	96
587	557	6617	91
587	586	6682	96
587	588	6927	96
587	617	6937	92
588	558	6867	84
588	587	6835	88
588	589	6611	99
588	618	6815	91
589	559	6970	96
589	588	6693	84
589	590	6622	84
589	619	6803	95
590	560	6854	80
590	589	6826	86
590	591	6882	97
590	620	6898	100
591	561	6774	87
591	590	6917	97
591	592	6788	89
591	621	6923	92
592	562	6993	95
592	591	6611	85
592	593	6976	95
592	622	6866	93
593	563	6945	82
593	592	6664	98
593	594	6673	82
593	623	6741	80
594	564	6844	88
594	593	6601	89
594	595	6710	97
594	624	6894	93
595	565	6913	86
595	594	6893	82
595	596	6851	84
595	625	6654	87
596	566	6778	82
596	595	6667	98
596	597	6700	99
596	626	6658	83
597	567	6610	87
597	596	6964	83
597	598	6856	91
597	627	6744	97
598	568	6953	83
598	597	6960	96
598	599	6769	94
598	628	6745	80
599	569	6823	89
599	598	6743	95
599	600	6766	86
599	629	6872	98
600	570	6629	93
600	599	6893	84
600	630	6706	94
601	571	6623	91
601	602	6682	97
601	631	6847	85
602	572	6731	86
602	601	6913	94
602	603	6646	92
602	632	6669	85
603	573	6970	97
603	602	6749	88
603	604	6711	88
603	633	6652	84
604	574	6860	83
604	603	6750	85
604	605	6635	85
604	634	6948	85
605	575	6953	96
605	604	6839	86
605	606	6620	85
605	635	6842	99
606	576	6654	95
606	605	6808	87
606	607	6996	92
606	636	6687	99
607	577	6783	100
607	606	6676	84
607	608	6653	96
607	637	6910	97
608	578	6786	81
608	607	6746	93
608	609	6813	87
608	638	6703	100
609	579	6687	85
609	608	6679	86
609	610	6878	80
609	639	6808	83
610	580	6834	100
610	609	6696	82
610	611	6929	91
610	640	6611	83
611	581	6693	92
611	610	6616	84
611	612	6840	84
611	641	6755	98
612	582	6967	97
612	611	6651	100
612	613	6963	94
612	642	6694	99
613	583	6691	89
613	612	6865	84
613	614	6750	96
613	643	6781	100
614	584	6775	98
614	613	6805	100
614	615	6679	89
614	644	6730	86
615	585	6843	92
615	614	6631	88
615	616	6634	96
615	645	6833	99
616	586	6853	91
616	615	6840	86
616	617	6913	99
616	646	6972	92
617	587	6735	96
617	616	6711	87
617	618	6626	100
617	647	6624	85
618	588	6733	97
618	617	6970	98
618	619	6835	95
618	648	6871	93
619	589	6890	95
619	618	6804	84
619	620	6814	83
619	649	6837	85
620	590	6767	83
620	619	6722	83
620	621	6774	85
620	650	6753	94
621	591	6625	88
621	620	6980	100
621	622	6636	99
621	651	6875	96
622	592	6762	89
622	621	6684	94
622	623	6989	100
622	652	6850	83
623	593	6654	97
623	622	6889	99
623	624	6625	83
623	653	6765	83
624	594	6958	84
624	623	6788	93
624	625	6786	80
624	654	6869	85
625	595	6853	87
625	624	6730	80
625	626	6905	81
625	655	6804	88
626	596	6966	97
626	625	6751	85
626	627	6792	85
626	656	6926	88
627	597	6763	86
627	626	6760	95
627	628	6834	99
627	657	6967	89
628	598	6648	98
628	627	6664	89
628	629	6770	86
628	658	6616	88
629	599	6850	88
629	628	6965	89
629	630	6601	98
629	659	6854	91
630	600	6949	81
630	629	6932	87
630	660	6997	86
631	601	6645	85
631	632	6910	96
631	661	6865	89
632	602	6772	97
632	631	6995	87
632	633	6682	88
632	662	6760	83
633	603	6777	81
633	632	6603	91
633	634	6831	91
633	663	6686	96
634	604	6984	92
634	633	6698	97
634	635	6861	97
634	664	6795	98
635	605	6916	97
635	634	6893	97
635	636	6898	85
635	665	6670	97
636	606	6991	93
636	635	6854	95
636	637	6982	97
636	666	6717	93
637	607	6939	89
637	636	6807	85
637	638	6850	93
637	667	6939	99
638	608	6858	86
638	637	6886	84
638	639	6855	80
638	668	6971	94
639	609	6663	100
639	638	6749	92
639	640	6892	100
639	669	6712	88
640	610	6708	89
640	639	6651	91
640	641	6791	92
640	670	6663	99
641	611	6917	86
641	640	6617	80
641	642	6647	98
641	671	6867	86
642	612	6818	99
642	641	6894	88
642	643	6931	85
642	672	6795	99
643	613	6611	80
643	642	6727	94
643	644	6869	88
643	673	6653	98
644	614	6861	99
644	643	6646	84
644	645	6930	100
644	674	6857	98
645	615	6955	93
645	644	6889	92
645	646	6698	95
645	675	6959	92
646	616	6704	100
646	645	6777	85
646	647	6789	92
646	676	6763	81
647	617	6835	91
647	646	6835	91
647	648	6868	85
647	677	6922	83
648	618	6754	96
648	647	6899	99
648	649	6840	97
648	678	6943	100
649	619	6926	84
649	648	6794	91
649	650	6866	92
649	679	6699	80
650	620	6649	94
650	649	6816	88
650	651	6877	100
650	680	6979	100
651	621	6968	100
651	650	6619	89
651	652	6839	96
651	681	6771	92
652	622	6709	82
652	651	6925	100
652	653	6840	84
652	682	6798	81
653	623	6983	82
653	652	6665	89
653	654	6652	93
653	683	6618	81
654	624	6927	98
654	653	6770	87
654	655	6645	96
654	684	6806	86
655	625	6847	86
655	654	6814	92
655	656	6895	96
655	685	6723	94
656	626	6717	97
656	655	6940	98
656	657	6770	94
656	686	6982	86
657	627	6610	94
657	656	6853	91
657	658	6642	81
657	687	6743	99
658	628	6608	82
658	657	6725	85
658	659	6788	95
658	688	6915	95
659	629	6766	96
659	658	6998	86
659	660	6758	94
659	689	6620	96
660	630	6687	92
660	659	6713	95
660	690	6647	82
661	631	6791	96
661	662	6872	91
661	691	6972	98
662	632	6759	89
662	661	6647	92
662	663	6601	80
662	692	6745	91
663	633	6705	85
663	662	6936	86
663	664	6922	91
663	693	6834	97
664	634	6815	94
664	663	6879	82
664	665	6695	80
664	694	6814	86
665	635	6911	100
665	664	6703	87
665	666	6663	81
665	695	6752	84
666	636	6913	89
666	665	6700	96
666	667	6711	92
666	696	6920	86
667	637	6740	95
667	666	6708	96
667	668	6870	93
667	697	6930	84
668	638	6763	91
668	667	6935	81
668	669	6835	99
668	698	6668	93
669	639	6676	98
669	668	6827	89
669	670	6960	89
669	699	6886	98
670	640	6852	80
670	669	6916	92
670	671	6686	97
670	700	6620	87
671	641	6840	85
671	670	6728	98
671	672	6969	81
671	701	6879	88
672	642	6660	98
672	671	6895	98
672	673	6670	99
672	702	7000	94
673	643	6780	85
673	672	6961	86
673	674	6668	98
673	703	6684	81
674	644	6809	85
674	673	6607	99
674	675	6866	99
674	704	6940	93
675	645	6798	85
675	674	6601	91
675	676	6635	99
675	705	6919	100
676	646	6778	100
676	675	6787	81
676	677	6679	91
676	706	6687	82
677	647	6836	87
677	676	6632	85
677	678	6873	87
677	707	6920	95
678	648	6955	96
678	677	6831	92
678	679	6833	80
678	708	6752	95
679	649	6907	94
679	678	6691	91
679	680	6986	81
679	709	6773	85
680	650	6648	93
680	679	6611	93
680	681	6912	81
680	710	6811	91
681	651	6680	91
681	680	6753	80
681	682	6693	91
681	711	6683	94
682	652	6845	99
682	681	6840	95
682	683	6863	82
682	712	6757	91
683	653	6611	86
683	682	6972	87
683	684	6701	81
683	713	6907	83
684	654	6916	100
684	683	6786	86
684	685	6835	96
684	714	6703	99
685	655	6625	100
685	684	6870	95
685	686	6724	86
685	715	6626	99
686	656	6875	84
686	685	6935	94
686	687	6976	100
686	716	6732	81
687	657	6752	89
687	686	6675	96
687	688	6658	97
687	717	6975	80
688	658	6786	87
688	687	6605	86
688	689	6781	85
688	718	6800	82
689	659	6905	92
689	688	6811	89
689	690	6895	84
689	719	6618	80
690	660	6923	83
690	689	6911	86
690	720	6784	100
691	661	6784	89
691	692	6620	86
691	721	6739	92
692	662	6997	80
692	691	6673	84
692	693	6676	84
692	722	6679	96
693	663	6603	87
693	692	6688	98
693	694	6730	100
693	723	6742	88
694	664	6714	81
694	693	6992	89
694	695	6609	100
694	724	6910	94
695	665	6941	97
695	694	6993	82
695	696	6606	99
695	725	6665	99
696	666	6958	94
696	695	6984	89
696	697	6866	83
696	726	6993	80
697	667	6722	91
697	696	6757	84
697	698	6933	86
697	727	6807	91
698	668	6719	92
698	697	6996	83
698	699	6734	98
698	728	6670	84
699	669	6995	84
699	698	6669	98
699	700	6850	83
699	729	6958	92
700	670	6739	85
700	699	6633	86
700	701	6946	86
700	730	6951	96
701	671	6775	93
701	700	6650	80
701	702	6623	84
701	731	6787	85
702	672	6730	85
702	701	6843	80
702	703	6741	99
702	732	6775	83
703	673	6838	91
703	702	6801	80
703	704	6690	89
703	733	6785	87
704	674	6944	94
704	703	6935	81
704	705	6870	93
704	734	6629	86
705	675	6668	89
705	704	6910	96
705	706	6632	96
705	735	6947	92
706	676	6896	95
706	705	6961	93
706	707	6956	89
706	736	6705	91
707	677	6953	96
707	706	6901	91
707	708	6914	80
707	737	6820	85
708	678	6831	87
708	707	6642	98
708	709	6801	94
708	738	6823	97
709	679	6826	93
709	708	6635	93
709	710	6966	88
709	739	6884	82
710	680	6747	94
710	709	6843	88
710	711	6843	81
710	740	6887	81
711	681	6667	93
711	710	6662	95
711	712	6811	85
711	741	6896	81
712	682	6965	81
712	711	6800	96
712	713	6965	96
712	742	6702	81
713	683	6841	83
713	712	6724	93
713	714	6655	99
713	743	6778	91
714	684	6645	85
714	713	6696	95
714	715	6853	80
714	744	6741	88
715	685	6799	81
715	714	6803	86
715	716	6816	82
715	745	6855	81
716	686	6664	85
716	715	6791	91
716	717	6702	94
716	746	6655	91
717	687	6922	91
717	716	6727	80
717	718	6805	94
717	747	6644	89
718	688	6830	95
718	717	6693	93
718	719	6674	93
718	748	6738	82
719	689	6713	89
719	718	6720	82
719	720	6765	98
719	749	6996	91
720	690	6655	93
720	719	6789	100
720	750	6709	84
721	691	6742	98
721	722	6948	86
721	751	6900	84
722	692	6845	85
722	721	6782	80
722	723	6874	96
722	752	6621	96
723	693	6679	81
723	722	6841	80
723	724	6965	94
723	753	6937	91
724	694	6942	93
724	723	6930	96
724	725	6917	80
724	754	6608	98
725	695	6899	99
725	724	6744	87
725	726	6714	96
725	755	6648	84
726	696	6778	92
726	725	6621	82
726	727	6728	98
726	756	6731	97
727	697	6980	93
727	726	6961	89
727	728	6752	95
727	757	6754	96
728	698	6733	88
728	727	6823	80
728	729	6936	95
728	758	6951	83
729	699	6644	86
729	728	6614	96
729	730	6985	94
729	759	6979	97
730	700	6631	100
730	729	6779	81
730	731	6975	98
730	760	6992	99
731	701	6875	96
731	730	6604	80
731	732	6967	89
731	761	6702	92
732	702	6870	96
732	731	6650	96
732	733	6755	83
732	762	6661	100
733	703	6629	88
733	732	6925	82
733	734	6942	96
733	763	6956	91
734	704	6706	97
734	733	6703	87
734	735	6679	89
734	764	6733	95
735	705	6696	84
735	734	6924	82
735	736	6844	93
735	765	6984	91
736	706	6886	81
736	735	6648	93
736	737	6819	80
736	766	6771	94
737	707	6701	86
737	736	6921	82
737	738	6836	99
737	767	6939	93
738	708	6630	80
738	737	6728	88
738	739	6832	94
738	768	6704	83
739	709	6867	97
739	738	6769	96
739	740	6610	82
739	769	6735	89
740	710	6963	89
740	739	6958	93
740	741	6632	85
740	770	6954	85
741	711	6918	93
741	740	6968	92
741	742	6633	83
741	771	6646	97
742	712	6801	92
742	741	6918	86
742	743	6609	84
742	772	6713	99
743	713	6944	97
743	742	6733	81
743	744	6938	85
743	773	6864	83
744	714	6981	95
744	743	6883	94
744	745	6601	84
744	774	6771	85
745	715	7000	91
745	744	6604	92
745	746	6671	88
745	775	6794	88
746	716	6645	96
746	745	6723	99
746	747	6814	85
746	776	6889	99
747	717	6671	98
747	746	6809	94
747	748	6789	93
747	777	6910	87
748	718	6772	86
748	747	6934	82
748	749	6690	95
748	778	6927	94
749	719	6978	83
749	748	6985	88
749	750	6702	83
749	779	6754	80
750	720	6861	87
750	749	6628	92
750	780	6931	82
751	721	6921	82
751	752	6631	81
751	781	6833	95
752	722	6870	81
752	751	6688	92
752	753	6764	83
752	782	6878	91
753	723	6667	96
753	752	6912	92
753	754	6645	94
753	783	6941	95
754	724	6948	85
754	753	6997	83
754	755	6871	99
754	784	6999	81
755	725	6976	88
755	754	6917	94
755	756	6891	98
755	785	6939	80
756	726	6682	85
756	755	6740	98
756	757	6637	86
756	786	6993	80
757	727	6756	91
757	756	6660	91
757	758	6607	100
757	787	6621	96
758	728	6750	93
758	757	6749	81
758	759	6671	82
758	788	6936	100
759	729	6945	97
759	758	6646	80
759	760	6855	92
759	789	6805	83
760	730	6765	89
760	759	6786	82
760	761	6767	95
760	790	6917	81
761	731	6688	100
761	760	6992	84
761	762	6930	89
761	791	6747	94
762	732	6815	80
762	761	6838	85
762	763	6684	87
762	792	6725	88
763	733	6664	95
763	762	6795	98
763	764	6716	83
763	793	6907	89
764	734	6957	88
764	763	6973	100
764	765	6883	88
764	794	6892	99
765	735	6748	95
765	764	6869	93
765	766	6994	87
765	795	6662	93
766	736	6668	100
766	765	6942	96
766	767	6805	83
766	796	6682	91
767	737	6839	91
767	766	6614	81
767	768	6901	88
767	797	6967	99
768	738	6635	91
768	767	6726	81
768	769	6710	80
768	798	6624	99
769	739	6826	100
769	768	6645	97
769	770	6937	98
769	799	6777	80
770	740	6903	84
770	769	6843	86
770	771	6653	87
770	800	6809	82
771	741	6909	84
771	770	6768	96
771	772	6724	99
771	801	6803	97
772	742	6970	91
772	771	6797	85
772	773	6624	99
772	802	6923	95
773	743	6669	88
773	772	6909	94
773	774	6712	86
773	803	6628	93
774	744	6631	84
774	773	6877	81
774	775	6623	100
774	804	6840	82
775	745	6889	98
775	774	6988	88
775	776	6638	93
775	805	6777	95
776	746	6777	95
776	775	6914	94
776	777	6700	84
776	806	6960	97
777	747	6927	87
777	776	6944	89
777	778	6733	96
777	807	6921	93
778	748	6933	83
778	777	6779	97
778	779	6932	99
778	808	6696	92
779	749	6830	88
779	778	6918	93
779	780	6881	96
779	809	6649	95
780	750	6763	82
780	779	6635	92
780	810	6962	92
781	751	6715	87
781	782	6609	91
781	811	6771	94
782	752	6925	98
782	781	6781	96
782	783	6706	95
782	812	6939	84
783	753	6674	86
783	782	6927	83
783	784	6658	87
783	813	6968	100
784	754	6927	96
784	783	6827	99
784	785	6978	80
784	814	6993	86
785	755	6832	81
785	784	6625	83
785	786	6926	92
785	815	6801	97
786	756	6975	94
786	785	6606	94
786	787	6915	89
786	816	6847	91
787	757	6863	99
787	786	6770	87
787	788	6834	96
787	817	6764	99
788	758	6939	81
788	787	6811	83
788	789	6666	88
788	818	6950	96
789	759	6985	98
789	788	6836	94
789	790	6747	98
789	819	6684	95
790	760	6982	98
790	789	6916	86
790	791	6843	86
790	820	6749	88
791	761	6692	85
791	790	6993	87
791	792	6996	96
791	821	6794	85
792	762	6815	80
792	791	6849	84
792	793	6913	87
792	822	6644	85
793	763	6790	82
793	792	6853	96
793	794	6846	94
793	823	6961	82
794	764	6906	99
794	793	6800	85
794	795	6743	80
794	824	6888	96
795	765	6975	82
795	794	6751	98
795	796	6615	86
795	825	6863	97
796	766	6839	95
796	795	6786	94
796	797	6897	98
796	826	6640	87
797	767	6969	95
797	796	6790	93
797	798	6950	92
797	827	6714	96
798	768	6820	85
798	797	6768	100
798	799	6883	98
798	828	6765	88
799	769	6802	100
799	798	6828	86
799	800	6842	92
799	829	6941	83
800	770	6734	80
800	799	6912	86
800	801	6942	80
800	830	6783	96
801	771	6643	93
801	800	6618	89
801	802	6796	100
801	831	6812	83
802	772	6757	86
802	801	6804	81
802	803	6601	86
802	832	6779	85
803	773	6985	80
803	802	6896	81
803	804	6756	81
803	833	6811	85
804	774	6709	98
804	803	6814	83
804	805	6762	93
804	834	6644	86
805	775	6779	84
805	804	6619	86
805	806	6772	84
805	835	6765	87
806	776	6964	84
806	805	6810	97
806	807	6952	89
806	836	6684	84
807	777	6713	92
807	806	6758	83
807	808	6820	99
807	837	6922	94
808	778	6908	80
808	807	6623	80
808	809	6915	82
808	838	6769	82
809	779	6848	97
809	808	6632	100
809	810	6974	83
809	839	6775	96
810	780	6947	80
810	809	6660	100
810	840	6960	92
811	781	6834	85
811	812	6998	88
811	841	6802	94
812	782	6725	96
812	811	6839	100
812	813	6863	82
812	842	6668	80
813	783	6653	88
813	812	6734	87
813	814	6666	94
813	843	6905	95
814	784	6652	100
814	813	6980	87
814	815	6926	86
814	844	6650	89
815	785	6665	82
815	814	6639	82
815	816	6924	87
815	845	6848	91
816	786	6843	80
816	815	6889	93
816	817	6944	98
816	846	6725	87
817	787	6968	91
817	816	6792	96
817	818	6650	95
817	847	6943	100
818	788	6864	95
818	817	6710	95
818	819	6881	85
818	848	6746	94
819	789	6978	93
819	818	6607	85
819	820	6704	88
819	849	6601	81
820	790	6879	84
820	819	6617	82
820	821	6606	95
820	850	6863	97
821	791	6849	89
821	820	6723	84
821	822	6867	85
821	851	6763	80
822	792	6721	84
822	821	6936	100
822	823	6805	91
822	852	6635	96
823	793	6724	93
823	822	6801	86
823	824	6721	82
823	853	6898	86
824	794	6913	85
824	823	6830	82
824	825	6640	92
824	854	6699	92
825	795	6725	97
825	824	6684	89
825	826	6883	87
825	855	6937	95
826	796	6839	100
826	825	6717	88
826	827	6953	86
826	856	6977	96
827	797	6900	98
827	826	6887	80
827	828	6985	93
827	857	6963	92
828	798	6862	85
828	827	6852	87
828	829	6626	86
828	858	6647	88
829	799	6719	95
829	828	6859	85
829	830	6811	97
829	859	6649	80
830	800	6793	87
830	829	6851	96
830	831	6890	83
830	860	6651	82
831	801	6919	91
831	830	6980	85
831	832	6977	85
831	861	6849	100
832	802	6718	95
832	831	6970	86
832	833	6779	84
832	862	6765	97
833	803	6898	99
833	832	6712	94
833	834	6765	89
833	863	6938	89
834	804	6960	94
834	833	6729	85
834	835	6944	80
834	864	6808	92
835	805	6861	94
835	834	6902	85
835	836	6706	98
835	865	6697	99
836	806	6806	93
836	835	6888	81
836	837	6602	98
836	866	6808	88
837	807	6719	100
837	836	6631	93
837	838	6710	89
837	867	6754	91
838	808	6773	87
838	837	6778	87
838	839	6854	83
838	868	6919	96
839	809	6926	94
839	838	6622	95
839	840	6952	87
839	869	6777	97
840	810	6831	99
840	839	6973	88
840	870	6734	91
841	811	6678	81
841	842	6884	92
841	871	6783	91
842	812	6706	91
842	841	6606	94
842	843	6972	80
842	872	6919	98
843	813	6822	88
843	842	6828	92
843	844	6881	80
843	873	6716	93
844	814	6722	92
844	843	6747	94
844	845	6930	95
844	874	6709	84
845	815	6800	83
845	844	6872	92
845	846	6789	80
845	875	6762	98
846	816	6765	99
846	845	6610	95
846	847	6652	85
846	876	6610	89
847	817	6960	94
847	846	6798	84
847	848	6711	97
847	877	6810	89
848	818	6695	94
848	847	6896	100
848	849	6718	99
848	878	6741	88
849	819	6863	97
849	848	6934	92
849	850	6772	91
849	879	6840	88
850	820	6699	95
850	849	6940	87
850	851	6712	99
850	880	6898	85
851	821	6743	84
851	850	6765	93
851	852	6868	86
851	881	6832	84
852	822	6675	93
852	851	6997	93
852	853	6741	89
852	882	6932	94
853	823	6871	98
853	852	6701	88
853	854	6762	81
853	883	6814	88
854	824	6766	95
854	853	6682	80
854	855	6908	81
854	884	6874	96
855	825	6858	98
855	854	6786	100
855	856	6925	92
855	885	6664	87
856	826	6640	87
856	855	6758	91
856	857	6727	92
856	886	6810	86
857	827	6912	99
857	856	6762	82
857	858	6934	80
857	887	6862	99
858	828	6726	91
858	857	6677	95
858	859	6901	86
858	888	6914	99
859	829	6651	96
859	858	6686	84
859	860	6619	85
859	889	6990	88
860	830	6994	92
860	859	6668	100
860	861	6634	84
860	890	6817	91
861	831	6657	96
861	860	6896	81
861	862	6754	89
861	891	6787	97
862	832	6889	98
862	861	6776	89
862	863	6907	93
862	892	6737	84
863	833	6784	83
863	862	6916	96
863	864	6907	91
863	893	6945	95
864	834	6813	85
864	863	6851	95
864	865	6898	99
864	894	6758	95
865	835	6817	80
865	864	6931	91
865	866	6832	93
865	895	6869	97
866	836	6760	94
866	865	6689	91
866	867	6749	84
866	896	6651	89
867	837	6677	94
867	866	6994	100
867	868	6615	81
867	897	6968	92
868	838	6897	89
868	867	6716	84
868	869	6689	97
868	898	6656	86
869	839	6986	92
869	868	6793	94
869	870	6771	80
869	899	6716	93
870	840	6897	85
870	869	6834	83
870	900	6904	98
871	841	6804	95
871	872	6764	84
872	842	6762	96
872	871	6686	82
872	873	6849	85
873	843	6822	81
873	872	6604	96
873	874	6955	82
874	844	6797	80
874	873	6697	91
874	875	6949	96
875	845	6615	86
875	874	6915	98
875	876	6755	97
876	846	6788	80
876	875	6754	82
876	877	6833	82
877	847	6739	98
877	876	6830	82
877	878	6829	87
878	848	6980	80
878	877	6787	94
878	879	6638	96
879	849	6677	80
879	878	6983	97
879	880	6871	95
880	850	6868	96
880	879	6705	100
880	881	6677	91
881	851	6941	98
881	880	6936	86
881	882	6838	80
882	852	6716	83
882	881	6610	84
882	883	6632	92
883	853	6974	94
883	882	6808	86
883	884	6666	95
884	854	6778	88
884	883	6712	81
884	885	6979	87
885	855	6864	98
885	884	6659	100
885	886	6720	95
886	856	6694	87
886	885	6659	91
886	887	6922	96
887	857	6700	98
887	886	6820	99
887	888	6944	86
888	858	6871	92
888	887	6718	84
888	889	6879	93
889	859	6656	98
889	888	6866	91
889	890	6853	92
890	860	6967	93
890	889	6718	92
890	891	6733	83
891	861	6736	93
891	890	6781	95
891	892	6762	89
892	862	6898	85
892	891	6740	91
892	893	6752	93
893	863	6721	84
893	892	6773	84
893	894	6776	88
894	864	6894	84
894	893	6731	96
894	895	6678	98
895	865	6869	83
895	894	6792	82
895	896	6612	97
896	866	6643	98
896	895	6670	100
896	897	6736	100
897	867	6803	91
897	896	6777	82
897	898	6861	80
898	868	6610	100
898	897	6783	87
898	899	6933	85
899	869	6829	88
899	898	6955	88
899	900	6885	92
900	870	6772	80
900	899	6763	83
