1	2	12043	91
1	31	12190	97
2	1	12009	95
2	3	12045	82
2	32	12057	92
3	2	12259	85
3	4	12322	95
3	33	12196	97
4	3	12082	93
4	5	12049	83
4	34	12099	85
5	4	12048	99
5	6	12017	87
5	35	12034	80
6	5	12389	85
6	7	12218	98
6	36	12161	88
7	6	12349	93
7	8	12331	84
7	37	12130	85
8	7	12256	81
8	9	12064	96
8	38	12190	96
9	8	12188	88
9	10	12101	87
9	39	12292	98
10	9	12116	84
10	11	12325	97
10	40	12175	100
11	10	12189	83
11	12	12123	99
11	41	12320	94
12	11	12059	88
12	13	12304	86
12	42	12210	96
13	12	12207	83
13	14	12283	98
13	43	12357	85
14	13	12139	93
14	15	12174	86
14	44	12207	93
15	14	12288	94
15	16	12171	82
15	45	12289	96
16	15	12345	91
16	17	12057	88
16	46	12284	92
17	16	12226	98
17	18	12156	83
17	47	12239	82
18	17	12379	88
18	19	12163	94
18	48	12089	96
19	18	12101	94
19	20	12188	80
19	49	12188	94
20	19	12134	86
20	21	12396	100
20	50	12198	100
21	20	12203	94
21	22	12049	82
21	51	12358	89
22	21	12303	98
22	23	12076	88
22	52	12312	100
23	22	12151	89
23	24	12291	81
23	53	12003	92
24	23	12177	98
24	25	12234	92
24	54	12091	92
25	24	12038	92
25	26	12281	96
25	55	12110	94
26	25	12281	99
26	27	12376	97
26	56	12185	97
27	26	12310	92
27	28	12368	89
27	57	12116	95
28	27	12278	82
28	29	12096	84
28	58	12169	89
29	28	12100	99
29	30	12052	96
29	59	12319	81
30	29	12186	94
30	60	12369	94
31	1	12162	95
31	32	12312	80
31	61	12297	81
32	2	12209	95
32	31	12277	94
32	33	12281	95
32	62	12278	81
33	3	12145	88
33	32	12143	81
33	34	12044	94
33	63	12261	80
34	4	12245	98
34	33	12273	94
34	35	12390	80
34	64	12244	86
35	5	12101	95
35	34	12056	82
35	36	12322	98
35	65	12373	85
36	6	12047	81
36	35	12128	95
36	37	12039	86
36	66	12290	91
37	7	12171	93
37	36	12389	87
37	38	12126	96
37	67	12080	99
38	8	12299	99
38	37	12099	89
38	39	12009	98
38	68	12318	93
39	9	12288	87
39	38	12257	91
39	40	12144	83
39	69	12127	85
40	10	12225	96
40	39	12268	97
40	41	12199	96
40	70	12367	82
41	11	12255	82
41	40	12333	84
41	42	12083	94
41	71	12067	86
42	12	12037	100
42	41	12342	93
42	43	12110	93
42	72	12398	96
43	13	12363	87
43	42	12321	94
43	44	12322	87
43	73	12328	83
44	14	12125	83
44	43	12005	96
44	45	12076	96
44	74	12235	89
45	15	12365	83
45	44	12185	91
45	46	12321	92
45	75	12028	92
46	16	12205	85
46	45	12218	94
46	47	12051	94
46	76	12055	95
47	17	12390	84
47	46	12323	83
47	48	12183	84
47	77	12137	94
48	18	12018	89
48	47	12274	85
48	49	12336	92
48	78	12225	85
49	19	12222	98
49	48	12296	92
49	50	12156	99
49	79	12393	97
50	20	12367	89
50	49	12194	84
50	51	12266	80
50	80	12093	80
51	21	12113	97
51	50	12101	98
51	52	12094	86
51	81	12365	94
52	22	12121	85
52	51	12085	91
52	53	12042	84
52	82	12128	88
53	23	12356	84
53	52	12004	81
53	54	12064	82
53	83	12264	83
54	24	12353	86
54	53	12038	91
54	55	12112	100
54	84	12203	83
55	25	12006	95
55	54	12108	85
55	56	12106	80
55	85	12315	91
56	26	12042	84
56	55	12179	86
56	57	12106	94
56	86	12043	85
57	27	12350	85
57	56	12087	82
57	58	12336	84
57	87	12263	97
58	28	12113	94
58	57	12073	95
58	59	12120	81
58	88	12206	85
59	29	12325	85
59	58	12260	100
59	60	12209	91
59	89	12240	82
60	30	12235	80
60	59	12273	85
60	90	12343	96
61	31	12028	83
61	62	12293	84
61	91	12016	88
62	32	12122	88
62	61	12181	91
62	63	12364	94
62	92	12023	86
63	33	12246	92
63	62	12109	92
63	64	12156	93
63	93	12391	83
64	34	12178	99
64	63	12186	86
64	65	12242	84
64	94	12310	88
65	35	12112	86
65	64	12151	88
65	66	12229	85
65	95	12398	94
66	36	12086	98
66	65	12234	88
66	67	12040	94
66	96	12264	81
67	37	12119	93
67	66	12151	98
67	68	12063	100
67	97	12299	93
68	38	12226	87
68	67	12048	91
68	69	12152	95
68	98	12112	100
69	39	12174	91
69	68	12136	84
69	70	12010	97
69	99	12232	85
70	40	12252	89
70	69	12307	93
70	71	12144	95
70	100	12276	84
71	41	12095	82
71	70	12055	97
71	72	12345	89
71	101	12194	88
72	42	12052	91
72	71	12013	100
72	73	12046	86
72	102	12227	98
73	43	12141	96
73	72	12217	88
73	74	12339	92
73	103	12158	98
74	44	12256	94
74	73	12005	89
74	75	12398	93
74	104	12288	82
75	45	12300	85
75	74	12279	82
75	76	12078	98
75	105	12355	85
76	46	12292	97
76	75	12219	96
76	77	12248	85
76	106	12382	84
77	47	12319	85
77	76	12386	84
77	78	12229	87
77	107	12101	81
78	48	12396	99
78	77	12306	93
78	79	12291	86
78	108	12136	94
79	49	12088	82
79	78	12062	85
79	80	12169	88
79	109	12373	81
80	50	12369	81
80	79	12396	82
80	81	12373	96
80	110	12330	98
81	51	12369	82
81	80	12045	91
81	82	12046	92
81	111	12132	96
82	52	12283	94
82	81	12009	86
82	83	12129	93
82	112	12104	85
83	53	12285	88
83	82	12279	88
83	84	12006	88
83	113	12005	88
84	54	12341	94
84	83	12323	98
84	85	12382	87
84	114	12302	91
85	55	12348	84
85	84	12053	81
85	86	12161	94
85	115	12108	94
86	56	12286	97
86	85	12183	88
86	87	12087	81
86	116	12181	100
87	57	12243	93
87	86	12287	83
87	88	12109	83
87	117	12023	93
88	58	12356	96
88	87	12272	97
88	89	12028	87
88	118	12256	99
89	59	12162	82
89	88	12378	81
89	90	12003	84
89	119	12126	94
90	60	12191	80
90	89	12219	87
90	120	12059	82
91	61	12107	81
91	92	12085	88
91	121	12379	93
92	62	12375	98
92	91	12262	91
92	93	12095	97
92	122	12265	89
93	63	12305	92
93	92	12328	93
93	94	12217	95
93	123	12147	88
94	64	12303	93
94	93	12174	89
94	95	12241	86
94	124	12278	91
95	65	12304	96
95	94	12226	96
95	96	12163	80
95	125	12227	81
96	66	12334	98
96	95	12075	100
96	97	12229	100
96	126	12117	97
97	67	12103	80
97	96	12079	88
97	98	12069	82
97	127	12095	80
98	68	12151	89
98	97	12180	93
98	99	12193	85
98	128	12144	81
99	69	12102	99
99	98	12333	100
99	100	12099	96
99	129	12142	80
100	70	12196	97
100	99	12377	96
100	101	12263	91
100	130	12290	91
101	71	12052	83
101	100	12151	96
101	102	12272	94
101	131	12216	81
102	72	12039	98
102	101	12061	96
102	103	12366	94
102	132	12069	88
103	73	12399	87
103	102	12124	88
103	104	12241	87
103	133	12314	92
104	74	12301	95
104	103	12100	93
104	105	12390	97
104	134	12342	89
105	75	12378	89
105	104	12311	87
105	106	12230	88
105	135	12214	82
106	76	12119	97
106	105	12173	97
106	107	12289	82
106	136	12030	96
107	77	12061	98
107	106	12050	88
107	108	12311	84
107	137	12070	97
108	78	12170	94
108	107	12239	81
108	109	12140	89
108	138	12179	84
109	79	12348	91
109	108	12304	96
109	110	12045	82
109	139	12348	89
110	80	12043	87
110	109	12165	96
110	111	12154	89
110	140	12173	81
111	81	12119	97
111	110	12164	98
111	112	12056	93
111	141	12318	87
112	82	12354	100
112	111	12305	93
112	113	12230	80
112	142	12099	89
113	83	12122	97
113	112	12302	80
113	114	12370	86
113	143	12289	81
114	84	12022	80
114	113	12223	84
114	115	12265	84
114	144	12063	96
115	85	12024	96
115	114	12170	86
115	116	12296	97
115	145	12002	95
116	86	12286	100
116	115	12373	88
116	117	12012	99
116	146	12051	87
117	87	12204	94
117	116	12154	94
117	118	12257	93
117	147	12365	88
118	88	12273	96
118	117	12324	95
118	119	12087	94
118	148	12341	97
119	89	12296	92
119	118	12274	82
119	120	12375	80
119	149	12147	83
120	90	12126	80
120	119	12334	88
120	150	12127	80
121	91	12075	81
121	122	12090	91
121	151	12237	86
122	92	12205	93
122	121	12013	81
122	123	12066	91
122	152	12283	83
123	93	12097	91
123	122	12365	84
123	124	12370	95
123	153	12036	83
124	94	12013	97
124	123	12315	89
124	125	12218	80
124	154	12343	94
125	95	12350	85
125	124	12361	88
125	126	12119	89
125	155	12306	88
126	96	12014	98
126	125	12229	96
126	127	12378	80
126	156	12208	95
127	97	12034	80
127	126	12266	80
127	128	12052	83
127	157	12019	89
128	98	12352	97
128	127	12247	92
128	129	12134	80
128	158	12070	98
129	99	12246	85
129	128	12095	89
129	130	12123	95
129	159	12341	81
130	100	12234	99
130	129	12016	85
130	131	12140	93
130	160	12145	98
131	101	12347	94
131	130	12194	91
131	132	12163	96
131	161	12234	86
132	102	12211	95
132	131	12323	96
132	133	12130	95
132	162	12350	88
133	103	12213	86
133	132	12305	89
133	134	12078	93
133	163	12203	97
134	104	12012	95
134	133	12037	81
134	135	12091	89
134	164	12129	98
135	105	12049	86
135	134	12374	85
135	136	12395	95
135	165	12200	83
136	106	12330	80
136	135	12001	94
136	137	12187	85
136	166	12032	82
137	107	12140	82
137	136	12321	88
137	138	12353	91
137	167	12077	96
138	108	12147	94
138	137	12265	85
138	139	12224	83
138	168	12237	95
139	109	12164	87
139	138	12349	83
139	140	12355	82
139	169	12185	95
140	110	12025	91
140	139	12277	80
140	141	12272	82
140	170	12031	87
141	111	12048	99
141	140	12213	89
141	142	12357	91
141	171	12127	81
142	112	12134	96
142	141	12027	84
142	143	12036	91
142	172	12234	87
143	113	12377	97
143	142	12233	99
143	144	12220	87
143	173	12059	92
144	114	12237	96
144	143	12129	95
144	145	12178	82
144	174	12177	84
145	115	12349	88
145	144	12053	97
145	146	12397	91
145	175	12143	95
146	116	12020	93
146	145	12064	100
146	147	12383	98
146	176	12026	91
147	117	12085	94
147	146	12362	87
147	148	12184	92
147	177	12147	89
148	118	12179	89
148	147	12168	84
148	149	12182	81
148	178	12063	87
149	119	12088	88
149	148	12355	95
149	150	12317	97
149	179	12395	87
150	120	12249	98
150	149	12172	95
150	180	12123	82
151	121	12108	99
151	152	12248	83
151	181	12145	100
152	122	12311	85
152	151	12073	94
152	153	12390	95
152	182	12289	91
153	123	12089	95
153	152	12299	99
153	154	12001	97
153	183	12130	86
154	124	12160	96
154	153	12077	92
154	155	12317	91
154	184	12056	83
155	125	12371	93
155	154	12016	98
155	156	12036	83
155	185	12107	96
156	126	12380	82
156	155	12016	83
156	157	12183	80
156	186	12121	96
157	127	12286	88
157	156	12160	87
157	158	12356	81
157	187	12136	94
158	128	12006	87
158	157	12163	95
158	159	12215	97
158	188	12181	88
159	129	12348	88
159	158	12375	87
159	160	12281	91
159	189	12350	97
160	130	12139	97
160	159	12356	95
160	161	12295	81
160	190	12276	83
161	131	12389	83
161	160	12032	83
161	162	12011	98
161	191	12126	89
162	132	12234	97
162	161	12252	95
162	163	12288	98
162	192	12221	81
163	133	12029	97
163	162	12149	98
163	164	12128	87
163	193	12193	83
164	134	12355	84
164	163	12126	100
164	165	12336	85
164	194	12400	94
165	135	12296	95
165	164	12271	96
165	166	12260	96
165	195	12100	92
166	136	12162	98
166	165	12223	85
166	167	12278	86
166	196	12306	99
167	137	12397	99
167	166	12294	81
167	168	12083	80
167	197	12228	80
168	138	12262	93
168	167	12261	99
168	169	12242	93
168	198	12023	100
169	139	12035	91
169	168	12045	88
169	170	12283	98
169	199	12354	97
170	140	12301	94
170	169	12281	98
170	171	12374	85
170	200	12276	83
171	141	12086	83
171	170	12204	80
171	172	12262	98
171	201	12367	95
172	142	12212	95
172	171	12049	86
172	173	12122	82
172	202	12208	93
173	143	12014	89
173	172	12186	92
173	174	12197	95
173	203	12329	86
174	144	12207	87
174	173	12207	82
174	175	12268	100
174	204	12130	87
175	145	12041	89
175	174	12163	100
175	176	12245	96
175	205	12293	89
176	146	12325	84
176	175	12378	96
176	177	12111	88
176	206	12002	97
177	147	12071	83
177	176	12044	93
177	178	12106	81
177	207	12264	89
178	148	12327	83
178	177	12212	85
178	179	12200	94
178	208	12075	95
179	149	12158	98
179	178	12197	89
179	180	12124	96
179	209	12313	92
180	150	12340	87
180	179	12192	87
180	210	12216	80
181	151	12084	88
181	182	12127	81
181	211	12330	99
182	152	12350	95
182	181	12042	96
182	183	12253	81
182	212	12183	91
183	153	12007	89
183	182	12178	82
183	184	12342	92
183	213	12118	81
184	154	12350	95
184	183	12200	100
184	185	12263	91
184	214	12134	96
185	155	12169	85
185	184	12018	82
185	186	12030	81
185	215	12374	97
186	156	12158	81
186	185	12043	85
186	187	12169	83
186	216	12133	85
187	157	12179	92
187	186	12012	85
187	188	12349	83
187	217	12381	97
188	158	12389	97
188	187	12052	91
188	189	12217	81
188	218	12202	84
189	159	12077	84
189	188	12303	86
189	190	12210	91
189	219	12167	95
190	160	12293	92
190	189	12395	88
190	191	12300	85
190	220	12255	95
191	161	12102	92
191	190	12311	91
191	192	12045	87
191	221	12131	84
192	162	12166	88
192	191	12338	91
192	193	12296	80
192	222	12195	97
193	163	12271	87
193	192	12019	100
193	194	12329	80
193	223	12018	92
194	164	12105	92
194	193	12218	80
194	195	12367	87
194	224	12168	87
195	165	12314	95
195	194	12216	87
195	196	12049	96
195	225	12050	94
196	166	12319	80
196	195	12346	95
196	197	12008	92
196	226	12164	85
197	167	12355	87
197	196	12081	99
197	198	12327	95
197	227	12198	86
198	168	12183	91
198	197	12081	91
198	199	12234	80
198	228	12168	87
199	169	12348	92
199	198	12127	80
199	200	12387	99
199	229	12012	81
200	170	12048	80
200	199	12236	83
200	201	12132	82
200	230	12062	95
201	171	12258	98
201	200	12087	84
201	202	12276	92
201	231	12195	89
202	172	12200	91
202	201	12049	81
202	203	12154	94
202	232	12079	88
203	173	12192	94
203	202	12153	86
203	204	12338	92
203	233	12331	93
204	174	12164	100
204	203	12290	97
204	205	12163	80
204	234	12197	84
205	175	12084	100
205	204	12368	93
205	206	12228	92
205	235	12361	91
206	176	12367	89
206	205	12132	80
206	207	12228	85
206	236	12101	85
207	177	12128	91
207	206	12162	94
207	208	12289	82
207	237	12210	97
208	178	12140	95
208	207	12160	94
208	209	12166	83
208	238	12076	95
209	179	12360	83
209	208	12042	84
209	210	12065	85
209	239	12362	98
210	180	12082	94
210	209	12338	84
210	240	12246	100
211	181	12064	93
211	212	12190	99
211	241	12230	84
212	182	12381	83
212	211	12191	83
212	213	12362	80
212	242	12120	87
213	183	12223	80
213	212	12061	98
213	214	12288	82
213	243	12255	82
214	184	12151	100
214	213	12031	83
214	215	12180	92
214	244	12318	100
215	185	12344	84
215	214	12273	80
215	216	12011	93
215	245	12291	88
216	186	12361	95
216	215	12208	93
216	217	12374	96
216	246	12313	96
217	187	12284	80
217	216	12215	91
217	218	12394	95
217	247	12242	93
218	188	12379	94
218	217	12214	87
218	219	12380	100
218	248	12222	95
219	189	12048	99
219	218	12361	82
219	220	12273	96
219	249	12188	94
220	190	12231	82
220	219	12034	94
220	221	12336	81
220	250	12006	80
221	191	12015	100
221	220	12352	93
221	222	12377	89
221	251	12168	92
222	192	12022	99
222	221	12023	94
222	223	12342	97
222	252	12344	99
223	193	12131	86
223	222	12139	86
223	224	12156	86
223	253	12123	95
224	194	12101	99
224	223	12132	94
224	225	12067	86
224	254	12036	91
225	195	12254	98
225	224	12092	87
225	226	12163	87
225	255	12383	82
226	196	12385	83
226	225	12084	98
226	227	12309	89
226	256	12375	89
227	197	12054	80
227	226	12045	94
227	228	12390	91
227	257	12306	81
228	198	12031	95
228	227	12102	95
228	229	12100	93
228	258	12059	94
229	199	12054	83
229	228	12104	97
229	230	12150	86
229	259	12270	98
230	200	12253	84
230	229	12187	80
230	231	12164	89
230	260	12254	99
231	201	12225	97
231	230	12393	94
231	232	12306	99
231	261	12207	87
232	202	12293	87
232	231	12339	80
232	233	12326	91
232	262	12206	85
233	203	12136	94
233	232	12161	86
233	234	12261	92
233	263	12297	81
234	204	12141	98
234	233	12139	80
234	235	12072	82
234	264	12212	93
235	205	12243	91
235	234	12227	91
235	236	12082	89
235	265	12203	82
236	206	12009	95
236	235	12074	94
236	237	12252	98
236	266	12326	87
237	207	12340	83
237	236	12387	100
237	238	12192	95
237	267	12064	84
238	208	12145	88
238	237	12211	86
238	239	12341	91
238	268	12029	87
239	209	12351	91
239	238	12165	92
239	240	12195	81
239	269	12031	91
240	210	12210	84
240	239	12229	87
240	270	12044	94
241	211	12040	98
241	242	12275	81
241	271	12111	81
242	212	12065	84
242	241	12356	83
242	243	12192	86
242	272	12389	84
243	213	12060	80
243	242	12281	85
243	244	12083	82
243	273	12055	89
244	214	12074	81
244	243	12034	86
244	245	12080	82
244	274	12266	82
245	215	12381	95
245	244	12391	95
245	246	12365	97
245	275	12311	87
246	216	12276	87
246	245	12389	91
246	247	12287	89
246	276	12022	91
247	217	12157	96
247	246	12389	91
247	248	12119	96
247	277	12223	87
248	218	12343	96
248	247	12016	81
248	249	12012	100
248	278	12236	87
249	219	12302	83
249	248	12291	83
249	250	12104	95
249	279	12070	83
250	220	12144	88
250	249	12266	88
250	251	12368	98
250	280	12277	92
251	221	12049	93
251	250	12271	82
251	252	12130	89
251	281	12318	91
252	222	12280	85
252	251	12089	95
252	253	12249	100
252	282	12032	100
253	223	12260	91
253	252	12175	92
253	254	12304	93
253	283	12221	85
254	224	12163	92
254	253	12221	84
254	255	12152	94
254	284	12183	85
255	225	12285	82
255	254	12390	100
255	256	12229	98
255	285	12172	85
256	226	12057	87
256	255	12324	86
256	257	12345	93
256	286	12234	83
257	227	12368	86
257	256	12049	95
257	258	12145	88
257	287	12203	93
258	228	12252	84
258	257	12273	82
258	259	12189	81
258	288	12285	80
259	229	12005	83
259	258	12206	100
259	260	12025	84
259	289	12240	92
260	230	12201	97
260	259	12400	83
260	261	12207	81
260	290	12163	91
261	231	12252	88
261	260	12339	87
261	262	12223	91
261	291	12102	93
262	232	12002	94
262	261	12275	83
262	263	12106	83
262	292	12294	100
263	233	12383	80
263	262	12225	93
263	264	12067	86
263	293	12056	100
264	234	12232	97
264	263	12054	100
264	265	12346	97
264	294	12332	89
265	235	12099	88
265	264	12343	88
265	266	12005	91
265	295	12312	92
266	236	12130	100
266	265	12361	85
266	267	12062	97
266	296	12334	94
267	237	12082	85
267	266	12049	88
267	268	12100	80
267	297	12281	97
268	238	12126	81
268	267	12333	100
268	269	12131	92
268	298	12089	86
269	239	12107	89
269	268	12280	89
269	270	12074	96
269	299	12375	92
270	240	12327	82
270	269	12202	82
270	300	12197	98
271	241	12194	83
271	272	12299	81
271	301	12026	85
272	242	12108	91
272	271	12355	93
272	273	12151	84
272	302	12041	93
273	243	12036	80
273	272	12078	100
273	274	12337	81
273	303	12139	80
274	244	12381	93
274	273	12237	86
274	275	12308	83
274	304	12250	81
275	245	12081	89
275	274	12180	86
275	276	12219	91
275	305	12100	86
276	246	12171	82
276	275	12142	88
276	277	12331	87
276	306	12193	80
277	247	12289	84
277	276	12277	95
277	278	12162	98
277	307	12131	97
278	248	12096	94
278	277	12297	97
278	279	12062	80
278	308	12191	82
279	249	12164	91
279	278	12359	96
279	280	12065	80
279	309	12261	86
280	250	12311	84
280	279	12387	93
280	281	12284	100
280	310	12060	100
281	251	12325	88
281	280	12057	98
281	282	12115	82
281	311	12339	87
282	252	12256	98
282	281	12256	88
282	283	12103	80
282	312	12197	93
283	253	12028	91
283	282	12217	82
283	284	12145	91
283	313	12197	81
284	254	12344	81
284	283	12360	99
284	285	12280	100
284	314	12023	89
285	255	12234	83
285	284	12229	86
285	286	12141	91
285	315	12365	96
286	256	12016	81
286	285	12366	81
286	287	12118	93
286	316	12170	92
287	257	12233	83
287	286	12303	86
287	288	12304	98
287	317	12138	98
288	258	12127	93
288	287	12308	89
288	289	12288	92
288	318	12020	91
289	259	12211	80
289	288	12293	85
289	290	12249	100
289	319	12185	87
290	260	12100	94
290	289	12284	87
290	291	12019	98
290	320	12197	85
291	261	12172	94
291	290	12279	94
291	292	12174	85
291	321	12115	80
292	262	12212	97
292	291	12308	100
292	293	12225	87
292	322	12001	100
293	263	12007	87
293	292	12089	94
293	294	12357	93
293	323	12192	92
294	264	12248	83
294	293	12316	91
294	295	12192	80
294	324	12201	87
295	265	12316	83
295	294	12175	99
295	296	12224	91
295	325	12400	94
296	266	12092	100
296	295	12311	94
296	297	12208	96
296	326	12372	89
297	267	12378	96
297	296	12246	88
297	298	12147	88
297	327	12054	98
298	268	12271	93
298	297	12272	97
298	299	12148	98
298	328	12385	100
299	269	12069	91
299	298	12035	98
299	300	12009	87
299	329	12366	100
300	270	12055	82
300	299	12199	86
300	330	12004	98
301	271	12047	92
301	302	12136	84
301	331	12234	88
302	272	12110	96
302	301	12358	80
302	303	12296	100
302	332	12316	80
303	273	12371	86
303	302	12088	84
303	304	12014	91
303	333	12365	96
304	274	12022	84
304	303	12128	88
304	305	12230	91
304	334	12227	80
305	275	12077	89
305	304	12100	94
305	306	12399	94
305	335	12012	98
306	276	12201	80
306	305	12263	89
306	307	12217	88
306	336	12212	82
307	277	12169	94
307	306	12230	96
307	308	12165	97
307	337	12191	95
308	278	12342	99
308	307	12201	85
308	309	12040	97
308	338	12281	80
309	279	12243	86
309	308	12214	83
309	310	12038	96
309	339	12081	81
310	280	12087	99
310	309	12348	83
310	311	12348	94
310	340	12177	84
311	281	12327	95
311	310	12168	94
311	312	12215	89
311	341	12299	98
312	282	12083	81
312	311	12342	87
312	313	12051	92
312	342	12323	88
313	283	12315	85
313	312	12329	97
313	314	12333	85
313	343	12328	98
314	284	12193	84
314	313	12264	80
314	315	12069	89
314	344	12130	92
315	285	12150	83
315	314	12140	89
315	316	12190	93
315	345	12093	84
316	286	12049	97
316	315	12006	89
316	317	12223	100
316	346	12042	87
317	287	12356	100
317	316	12294	92
317	318	12017	85
317	347	12084	84
318	288	12361	98
318	317	12383	100
318	319	12081	88
318	348	12143	87
319	289	12121	91
319	318	12119	82
319	320	12295	84
319	349	12039	84
320	290	12178	80
320	319	12396	97
320	321	12156	97
320	350	12105	95
321	291	12129	99
321	320	12319	84
321	322	12328	95
321	351	12167	99
322	292	12092	100
322	321	12249	94
322	323	12249	82
322	352	12091	91
323	293	12145	86
323	322	12261	97
323	324	12365	87
323	353	12122	86
324	294	12196	83
324	323	12109	94
324	325	12146	100
324	354	12206	100
325	295	12145	80
325	324	12218	98
325	326	12063	80
325	355	12135	93
326	296	12397	84
326	325	12224	82
326	327	12260	96
326	356	12100	99
327	297	12201	95
327	326	12155	92
327	328	12116	84
327	357	12287	92
328	298	12266	83
328	327	12386	97
328	329	12230	91
328	358	12317	99
329	299	12314	98
329	328	12268	81
329	330	12220	93
329	359	12338	94
330	300	12052	81
330	329	12345	80
330	360	12266	100
331	301	12198	97
331	332	12195	92
331	361	12075	100
332	302	12195	98
332	331	12098	82
332	333	12036	84
332	362	12370	92
333	303	12040	93
333	332	12335	93
333	334	12198	82
333	363	12053	94
334	304	12255	87
334	333	12363	82
334	335	12243	92
334	364	12367	81
335	305	12337	89
335	334	12368	93
335	336	12204	100
335	365	12228	84
336	306	12028	80
336	335	12381	85
336	337	12093	82
336	366	12343	97
337	307	12248	98
337	336	12138	84
337	338	12054	84
337	367	12114	86
338	308	12329	93
338	337	12289	95
338	339	12017	95
338	368	12218	99
339	309	12314	97
339	338	12191	99
339	340	12330	88
339	369	12003	96
340	310	12075	89
340	339	12079	95
340	341	12209	81
340	370	12189	94
341	311	12022	92
341	340	12028	84
341	342	12291	91
341	371	12003	95
342	312	12359	92
342	341	12333	82
342	343	12136	96
342	372	12047	95
343	313	12052	81
343	342	12105	99
343	344	12151	87
343	373	12026	97
344	314	12071	100
344	343	12297	91
344	345	12394	86
344	374	12236	80
345	315	12070	91
345	344	12387	87
345	346	12117	93
345	375	12329	92
346	316	12266	85
346	345	12105	94
346	347	12120	91
346	376	12272	80
347	317	12077	96
347	346	12247	83
347	348	12168	83
347	377	12203	86
348	318	12086	93
348	347	12358	93
348	349	12344	96
348	378	12106	81
349	319	12097	91
349	348	12122	96
349	350	12189	98
349	379	12011	81
350	320	12229	83
350	349	12252	97
350	351	12102	80
350	380	12035	95
351	321	12231	92
351	350	12108	96
351	352	12055	92
351	381	12176	99
352	322	12369	91
352	351	12249	84
352	353	12090	97
352	382	12370	91
353	323	12247	84
353	352	12319	99
353	354	12062	97
353	383	12325	91
354	324	12129	92
354	353	12110	82
354	355	12277	86
354	384	12047	96
355	325	12326	87
355	354	12181	86
355	356	12111	99
355	385	12170	81
356	326	12399	85
356	355	12269	96
356	357	12254	97
356	386	12194	97
357	327	12158	87
357	356	12291	95
357	358	12042	100
357	387	12156	93
358	328	12206	96
358	357	12158	82
358	359	12352	98
358	388	12241	91
359	329	12389	92
359	358	12011	86
359	360	12312	83
359	389	12243	100
360	330	12335	94
360	359	12286	85
360	390	12291	93
361	331	12190	97
361	362	12013	86
361	391	12028	83
362	332	12233	88
362	361	12049	95
362	363	12102	87
362	392	12064	96
363	333	12195	80
363	362	12222	81
363	364	12119	96
363	393	12246	100
364	334	12153	97
364	363	12337	93
364	365	12069	98
364	394	12181	82
365	335	12344	98
365	364	12066	89
365	366	12386	92
365	395	12247	82
366	336	12389	89
366	365	12256	81
366	367	12318	83
366	396	12333	86
367	337	12086	82
367	366	12113	82
367	368	12329	88
367	397	12285	97
368	338	12108	92
368	367	12328	86
368	369	12271	84
368	398	12298	99
369	339	12292	96
369	368	12277	94
369	370	12094	98
369	399	12043	93
370	340	12163	92
370	369	12389	94
370	371	12058	92
370	400	12363	86
371	341	12167	88
371	370	12211	92
371	372	12002	89
371	401	12331	85
372	342	12273	81
372	371	12075	95
372	373	12241	87
372	402	12300	100
373	343	12003	92
373	372	12073	87
373	374	12047	80
373	403	12139	92
374	344	12157	96
374	373	12266	85
374	375	12282	99
374	404	12092	86
375	345	12291	96
375	374	12234	99
375	376	12139	89
375	405	12239	93
376	346	12217	91
376	375	12271	87
376	377	12163	96
376	406	12011	91
377	347	12379	100
377	376	12350	100
377	378	12300	92
377	407	12134	98
378	348	12172	87
378	377	12367	85
378	379	12356	95
378	408	12044	95
379	349	12274	81
379	378	12169	100
379	380	12009	95
379	409	12365	88
380	350	12037	84
380	379	12091	84
380	381	12147	100
380	410	12271	87
381	351	12009	80
381	380	12101	95
381	382	12298	99
381	411	12155	89
382	352	12259	93
382	381	12278	85
382	383	12301	81
382	412	12188	83
383	353	12143	96
383	382	12327	97
383	384	12197	88
383	413	12018	86
384	354	12200	91
384	383	12047	92
384	385	12087	89
384	414	12187	99
385	355	12221	87
385	384	12065	94
385	386	12330	83
385	415	12106	95
386	356	12167	84
386	385	12345	97
386	387	12244	96
386	416	12380	94
387	357	12386	81
387	386	12187	82
387	388	12059	87
387	417	12311	92
388	358	12200	91
388	387	12031	82
388	389	12306	81
388	418	12378	85
389	359	12128	82
389	388	12377	93
389	390	12180	93
389	419	12118	97
390	360	12397	88
390	389	12121	83
390	420	12267	94
391	361	12015	100
391	392	12203	98
391	421	12050	91
392	362	12368	84
392	391	12207	86
392	393	12004	89
392	422	12171	86
393	363	12207	80
393	392	12228	91
393	394	12080	100
393	423	12216	96
394	364	12172	84
394	393	12201	89
394	395	12044	100
394	424	12021	100
395	365	12257	88
395	394	12080	100
395	396	12157	95
395	425	12291	93
396	366	12363	92
396	395	12172	93
396	397	12303	80
396	426	12078	85
397	367	12124	80
397	396	12338	86
397	398	12313	92
397	427	12262	91
398	368	12224	92
398	397	12290	91
398	399	12259	84
398	428	12164	98
399	369	12158	87
399	398	12400	98
399	400	12021	100
399	429	12202	95
400	370	12003	93
400	399	12226	80
400	401	12365	86
400	430	12096	98
401	371	12372	83
401	400	12172	86
401	402	12001	95
401	431	12335	97
402	372	12098	80
402	401	12300	85
402	403	12086	81
402	432	12031	97
403	373	12217	86
403	402	12092	87
403	404	12231	99
403	433	12048	91
404	374	12214	84
404	403	12389	88
404	405	12277	80
404	434	12152	82
405	375	12296	88
405	404	12110	86
405	406	12303	86
405	435	12256	96
406	376	12048	82
406	405	12171	87
406	407	12321	99
406	436	12110	100
407	377	12039	80
407	406	12011	96
407	408	12134	82
407	437	12316	98
408	378	12341	88
408	407	12334	96
408	409	12006	87
408	438	12209	83
409	379	12121	91
409	408	12295	93
409	410	12218	100
409	439	12290	97
410	380	12271	100
410	409	12322	89
410	411	12161	82
410	440	12348	83
411	381	12034	80
411	410	12002	87
411	412	12239	100
411	441	12162	80
412	382	12397	91
412	411	12238	97
412	413	12038	91
412	442	12311	96
413	383	12004	94
413	412	12288	91
413	414	12027	88
413	443	12399	85
414	384	12357	92
414	413	12098	80
414	415	12248	97
414	444	12202	80
415	385	12066	95
415	414	12151	84
415	416	12067	93
415	445	12265	82
416	386	12111	95
416	415	12028	95
416	417	12038	87
416	446	12238	93
417	387	12280	97
417	416	12311	100
417	418	12353	100
417	447	12288	80
418	388	12339	82
418	417	12222	83
418	419	12127	84
418	448	12285	83
419	389	12105	89
419	418	12032	95
419	420	12400	93
419	449	12073	100
420	390	12382	100
420	419	12235	80
420	450	12291	94
421	391	12351	100
421	422	12116	84
421	451	12103	96
422	392	12400	87
422	421	12263	95
422	423	12143	96
422	452	12044	100
423	393	12091	81
423	422	12020	91
423	424	12078	80
423	453	12361	98
424	394	12332	94
424	423	12257	95
424	425	12326	80
424	454	12042	84
425	395	12359	94
425	424	12046	89
425	426	12161	93
425	455	12169	98
426	396	12214	88
426	425	12073	80
426	427	12238	86
426	456	12392	87
427	397	12231	92
427	426	12089	84
427	428	12115	88
427	457	12243	86
428	398	12319	91
428	427	12359	80
428	429	12328	100
428	458	12132	94
429	399	12127	85
429	428	12204	91
429	430	12391	94
429	459	12227	80
430	400	12125	89
430	429	12163	96
430	431	12286	81
430	460	12022	94
431	401	12288	84
431	430	12081	88
431	432	12004	95
431	461	12022	92
432	402	12029	81
432	431	12041	98
432	433	12289	83
432	462	12345	91
433	403	12055	94
433	432	12036	93
433	434	12364	92
433	463	12060	95
434	404	12200	82
434	433	12125	99
434	435	12193	99
434	464	12064	93
435	405	12303	98
435	434	12146	87
435	436	12237	95
435	465	12132	94
436	406	12190	85
436	435	12336	93
436	437	12280	93
436	466	12120	100
437	407	12226	100
437	436	12341	86
437	438	12271	82
437	467	12365	93
438	408	12092	84
438	437	12347	98
438	439	12355	92
438	468	12080	100
439	409	12066	91
439	438	12240	80
439	440	12262	92
439	469	12348	95
440	410	12045	100
440	439	12099	89
440	441	12389	94
440	470	12148	85
441	411	12198	84
441	440	12347	82
441	442	12379	93
441	471	12007	92
442	412	12093	84
442	441	12064	95
442	443	12315	87
442	472	12106	86
443	413	12164	98
443	442	12180	92
443	444	12331	95
443	473	12235	96
444	414	12395	88
444	443	12057	82
444	445	12172	94
444	474	12024	81
445	415	12054	96
445	444	12169	98
445	446	12088	95
445	475	12063	88
446	416	12179	84
446	445	12204	91
446	447	12205	96
446	476	12307	96
447	417	12238	81
447	446	12090	96
447	448	12153	81
447	477	12395	86
448	418	12254	100
448	447	12055	94
448	449	12103	89
448	478	12296	83
449	419	12250	84
449	448	12055	99
449	450	12179	83
449	479	12276	85
450	420	12265	87
450	449	12246	93
450	480	12202	95
451	421	12223	97
451	452	12023	99
451	481	12052	80
452	422	12343	88
452	451	12123	88
452	453	12300	85
452	482	12313	100
453	423	12225	96
453	452	12111	84
453	454	12267	85
453	483	12035	87
454	424	12262	86
454	453	12303	94
454	455	12051	96
454	484	12260	82
455	425	12377	99
455	454	12025	85
455	456	12006	99
455	485	12159	85
456	426	12270	98
456	455	12254	93
456	457	12320	85
456	486	12268	92
457	427	12396	84
457	456	12073	99
457	458	12059	99
457	487	12374	96
458	428	12229	87
458	457	12166	98
458	459	12076	93
458	488	12165	91
459	429	12143	96
459	458	12158	83
459	460	12072	99
459	489	12160	94
460	430	12309	100
460	459	12009	99
460	461	12263	82
460	490	12232	91
461	431	12146	92
461	460	12283	89
461	462	12305	100
461	491	12020	99
462	432	12100	99
462	461	12303	87
462	463	12362	98
462	492	12175	100
463	433	12103	89
463	462	12197	88
463	464	12158	100
463	493	12315	93
464	434	12090	83
464	463	12253	86
464	465	12091	91
464	494	12235	82
465	435	12120	96
465	464	12399	84
465	466	12259	84
465	495	12256	96
466	436	12278	88
466	465	12017	97
466	467	12271	97
466	496	12052	96
467	437	12309	86
467	466	12092	80
467	468	12097	80
467	497	12241	95
468	438	12350	81
468	467	12339	95
468	469	12027	82
468	498	12080	83
469	439	12332	95
469	468	12080	95
469	470	12399	85
469	499	12347	83
470	440	12196	100
470	469	12323	91
470	471	12351	88
470	500	12351	92
471	441	12100	89
471	470	12222	97
471	472	12271	93
471	501	12164	98
472	442	12381	97
472	471	12159	89
472	473	12005	91
472	502	12190	83
473	443	12014	80
473	472	12235	82
473	474	12276	96
473	503	12391	80
474	444	12166	92
474	473	12003	87
474	475	12185	93
474	504	12076	98
475	445	12363	98
475	474	12243	99
475	476	12265	87
475	505	12168	81
476	446	12278	86
476	475	12198	84
476	477	12323	88
476	506	12060	87
477	447	12266	82
477	476	12279	85
477	478	12365	98
477	507	12171	89
478	448	12031	88
478	477	12055	88
478	479	12246	94
478	508	12325	98
479	449	12173	98
479	478	12338	88
479	480	12309	88
479	509	12247	94
480	450	12395	85
480	479	12377	89
480	510	12287	95
481	451	12305	96
481	482	12306	86
481	511	12176	98
482	452	12318	86
482	481	12004	95
482	483	12216	88
482	512	12139	98
483	453	12140	95
483	482	12344	83
483	484	12253	96
483	513	12066	82
484	454	12335	85
484	483	12352	81
484	485	12389	93
484	514	12110	95
485	455	12068	93
485	484	12312	96
485	486	12119	92
485	515	12095	80
486	456	12008	99
486	485	12389	91
486	487	12375	92
486	516	12232	86
487	457	12063	99
487	486	12372	95
487	488	12015	100
487	517	12017	85
488	458	12222	95
488	487	12044	87
488	489	12273	92
488	518	12348	86
489	459	12148	98
489	488	12290	92
489	490	12309	84
489	519	12056	80
490	460	12184	95
490	489	12060	97
490	491	12042	100
490	520	12275	81
491	461	12245	96
491	490	12099	87
491	492	12217	98
491	521	12255	86
492	462	12051	92
492	491	12141	96
492	493	12268	99
492	522	12034	95
493	463	12370	92
493	492	12116	87
493	494	12349	89
493	523	12381	91
494	464	12319	98
494	493	12034	85
494	495	12084	85
494	524	12224	96
495	465	12004	83
495	494	12305	97
495	496	12007	85
495	525	12373	85
496	466	12350	99
496	495	12372	88
496	497	12246	86
496	526	12150	97
497	467	12189	84
497	496	12191	92
497	498	12027	92
497	527	12145	86
498	468	12060	96
498	497	12062	87
498	499	12146	97
498	528	12100	95
499	469	12395	83
499	498	12122	100
499	500	12377	80
499	529	12340	100
500	470	12347	95
500	499	12222	88
500	501	12387	91
500	530	12168	82
501	471	12122	84
501	500	12286	93
501	502	12101	94
501	531	12026	96
502	472	12278	91
502	501	12276	86
502	503	12103	82
502	532	12038	85
503	473	12060	96
503	502	12274	87
503	504	12014	89
503	533	12154	85
504	474	12219	85
504	503	12187	87
504	505	12227	92
504	534	12101	87
505	475	12397	81
505	504	12394	96
505	506	12148	100
505	535	12353	87
506	476	12119	98
506	505	12047	80
506	507	12313	97
506	536	12339	88
507	477	12276	87
507	506	12333	81
507	508	12346	91
507	537	12289	99
508	478	12143	95
508	507	12219	80
508	509	12107	92
508	538	12149	88
509	479	12004	80
509	508	12377	85
509	510	12010	94
509	539	12359	87
510	480	12052	93
510	509	12024	99
510	540	12264	85
511	481	12318	96
511	512	12009	89
511	541	12367	89
512	482	12194	85
512	511	12147	91
512	513	12143	84
512	542	12180	96
513	483	12222	81
513	512	12354	82
513	514	12146	96
513	543	12019	93
514	484	12049	95
514	513	12226	86
514	515	12122	87
514	544	12192	81
515	485	12021	91
515	514	12356	95
515	516	12159	82
515	545	12188	85
516	486	12022	82
516	515	12107	88
516	517	12345	95
516	546	12291	96
517	487	12074	99
517	516	12247	85
517	518	12085	96
517	547	12278	99
518	488	12196	92
518	517	12343	97
518	519	12196	91
518	548	12321	88
519	489	12085	92
519	518	12347	88
519	520	12215	84
519	549	12208	100
520	490	12188	85
520	519	12377	86
520	521	12022	83
520	550	12381	95
521	491	12321	82
521	520	12100	87
521	522	12198	87
521	551	12128	94
522	492	12196	92
522	521	12148	96
522	523	12216	95
522	552	12012	82
523	493	12032	87
523	522	12152	85
523	524	12103	94
523	553	12281	92
524	494	12392	83
524	523	12239	82
524	525	12248	87
524	554	12338	92
525	495	12224	86
525	524	12174	93
525	526	12222	87
525	555	12217	97
526	496	12267	97
526	525	12182	88
526	527	12050	98
526	556	12352	85
527	497	12373	88
527	526	12044	84
527	528	12033	80
527	557	12160	80
528	498	12327	98
528	527	12105	83
528	529	12146	85
528	558	12158	80
529	499	12302	91
529	528	12370	82
529	530	12304	91
529	559	12115	100
530	500	12140	82
530	529	12139	88
530	531	12138	89
530	560	12359	91
531	501	12397	86
531	530	12365	95
531	532	12354	100
531	561	12342	84
532	502	12329	96
532	531	12364	86
532	533	12337	95
532	562	12396	97
533	503	12179	85
533	532	12278	92
533	534	12057	82
533	563	12362	100
534	504	12119	91
534	533	12115	81
534	535	12145	94
534	564	12236	87
535	505	12024	88
535	534	12367	98
535	536	12201	100
535	565	12123	87
536	506	12028	81
536	535	12231	97
536	537	12391	99
536	566	12215	81
537	507	12033	81
537	536	12029	93
537	538	12001	88
537	567	12117	95
538	508	12121	83
538	537	12258	98
538	539	12010	81
538	568	12221	95
539	509	12053	98
539	538	12271	94
539	540	12147	81
539	569	12042	87
540	510	12196	80
540	539	12200	98
540	570	12279	93
541	511	12238	97
541	542	12048	87
541	571	12343	86
542	512	12221	87
542	541	12014	92
542	543	12335	86
542	572	12019	92
543	513	12197	96
543	542	12233	81
543	544	12017	93
543	573	12110	98
544	514	12049	80
544	543	12335	89
544	545	12197	85
544	574	12091	86
545	515	12221	91
545	544	12195	93
545	546	12266	95
545	575	12181	95
546	516	12212	87
546	545	12205	92
546	547	12266	95
546	576	12202	85
547	517	12344	100
547	546	12325	97
547	548	12027	92
547	577	12183	100
548	518	12103	84
548	547	12186	88
548	549	12240	97
548	578	12303	92
549	519	12134	100
549	548	12175	80
549	550	12030	86
549	579	12392	91
550	520	12333	91
550	549	12015	97
550	551	12186	95
550	580	12211	84
551	521	12312	81
551	550	12336	88
551	552	12224	89
551	581	12305	88
552	522	12291	89
552	551	12172	83
552	553	12026	87
552	582	12260	87
553	523	12286	96
553	552	12277	92
553	554	12242	81
553	583	12167	81
554	524	12051	84
554	553	12389	85
554	555	12188	84
554	584	12104	84
555	525	12037	83
555	554	12336	82
555	556	12230	92
555	585	12253	89
556	526	12231	89
556	555	12318	100
556	557	12199	89
556	586	12066	91
557	527	12345	80
557	556	12256	86
557	558	12009	80
557	587	12286	87
558	528	12199	99
558	557	12343	99
558	559	12031	86
558	588	12242	88
559	529	12179	87
559	558	12279	85
559	560	12199	81
559	589	12221	83
560	530	12230	92
560	559	12144	94
560	561	12196	84
560	590	12150	100
561	531	12027	82
561	560	12379	81
561	562	12091	92
561	591	12368	100
562	532	12017	84
562	561	12214	91
562	563	12192	85
562	592	12136	83
563	533	12374	96
563	562	12054	95
563	564	12264	95
563	593	12068	91
564	534	12328	99
564	563	12319	97
564	565	12097	98
564	594	12120	85
565	535	12146	80
565	564	12268	88
565	566	12357	85
565	595	12123	82
566	536	12212	91
566	565	12113	96
566	567	12115	100
566	596	12101	87
567	537	12280	80
567	566	12333	99
567	568	12389	80
567	597	12167	97
568	538	12156	99
568	567	12304	98
568	569	12074	88
568	598	12010	96
569	539	12068	85
569	568	12155	85
569	570	12029	85
569	599	12199	100
570	540	12398	81
570	569	12367	94
570	600	12065	94
571	541	12105	100
571	572	12230	87
571	601	12220	91
572	542	12217	94
572	571	12255	87
572	573	12379	96
572	602	12008	87
573	543	12244	93
573	572	12332	97
573	574	12356	100
573	603	12132	80
574	544	12334	91
574	573	12237	93
574	575	12153	91
574	604	12378	92
575	545	12172	91
575	574	12218	83
575	576	12281	93
575	605	12105	99
576	546	12123	84
576	575	12286	86
576	577	12148	87
576	606	12237	85
577	547	12115	94
577	576	12126	84
577	578	12224	81
577	607	12198	97
578	548	12358	82
578	577	12114	89
578	579	12067	88
578	608	12269	87
579	549	12285	98
579	578	12260	83
579	580	12065	99
579	609	12109	85
580	550	12263	97
580	579	12077	80
580	581	12153	93
580	610	12342	91
581	551	12039	91
581	580	12209	80
581	582	12183	89
581	611	12311	85
582	552	12088	87
582	581	12001	86
582	583	12391	97
582	612	12131	98
583	553	12222	96
583	582	12255	86
583	584	12237	97
583	613	12140	83
584	554	12023	89
584	583	12161	89
584	585	12070	97
584	614	12271	80
585	555	12262	98
585	584	12024	96
585	586	12296	88
585	615	12038	96
586	556	12270	80
586	585	12005	92
586	587	12088	82
586	616	12079	96
587	557	12017	91
587	586	12082	96
587	588	12327	96
587	617	12337	92
588	558	12267	84
588	587	12235	88
588	589	12011	99
588	618	12215	91
589	559	12370	96
589	588	12093	84
589	590	12022	84
589	619	12203	95
590	560	12254	80
590	589	12226	86
590	591	12282	97
590	620	12298	100
591	561	12174	87
591	590	12317	97
591	592	12188	89
591	621	12323	92
592	562	12393	95
592	591	12011	85
592	593	12376	95
592	622	12266	93
593	563	12345	82
593	592	12064	98
593	594	12073	82
593	623	12141	80
594	564	12244	88
594	593	12001	89
594	595	12110	97
594	624	12294	93
595	565	12313	86
595	594	12293	82
595	596	12251	84
595	625	12054	87
596	566	12178	82
596	595	12067	98
596	597	12100	99
596	626	12058	83
597	567	12010	87
597	596	12364	83
597	598	12256	91
597	627	12144	97
598	568	12353	83
598	597	12360	96
598	599	12169	94
598	628	12145	80
599	569	12223	89
599	598	12143	95
599	600	12166	86
599	629	12272	98
600	570	12029	93
600	599	12293	84
600	630	12106	94
601	571	12023	91
601	602	12082	97
601	631	12247	85
602	572	12131	86
602	601	12313	94
602	603	12046	92
602	632	12069	85
603	573	12370	97
603	602	12149	88
603	604	12111	88
603	633	12052	84
604	574	12260	83
604	603	12150	85
604	605	12035	85
604	634	12348	85
605	575	12353	96
605	604	12239	86
605	606	12020	85
605	635	12242	99
606	576	12054	95
606	605	12208	87
606	607	12396	92
606	636	12087	99
607	577	12183	100
607	606	12076	84
607	608	12053	96
607	637	12310	97
608	578	12186	81
608	607	12146	93
608	609	12213	87
608	638	12103	100
609	579	12087	85
609	608	12079	86
609	610	12278	80
609	639	12208	83
610	580	12234	100
610	609	12096	82
610	611	12329	91
610	640	12011	83
611	581	12093	92
611	610	12016	84
611	612	12240	84
611	641	12155	98
612	582	12367	97
612	611	12051	100
612	613	12363	94
612	642	12094	99
613	583	12091	89
613	612	12265	84
613	614	12150	96
613	643	12181	100
614	584	12175	98
614	613	12205	100
614	615	12079	89
614	644	12130	86
615	585	12243	92
615	614	12031	88
615	616	12034	96
615	645	12233	99
616	586	12253	91
616	615	12240	86
616	617	12313	99
616	646	12372	92
617	587	12135	96
617	616	12111	87
617	618	12026	100
617	647	12024	85
618	588	12133	97
618	617	12370	98
618	619	12235	95
618	648	12271	93
619	589	12290	95
619	618	12204	84
619	620	12214	83
619	649	12237	85
620	590	12167	83
620	619	12122	83
620	621	12174	85
620	650	12153	94
621	591	12025	88
621	620	12380	100
621	622	12036	99
621	651	12275	96
622	592	12162	89
622	621	12084	94
622	623	12389	100
622	652	12250	83
623	593	12054	97
623	622	12289	99
623	624	12025	83
623	653	12165	83
624	594	12358	84
624	623	12188	93
624	625	12186	80
624	654	12269	85
625	595	12253	87
625	624	12130	80
625	626	12305	81
625	655	12204	88
626	596	12366	97
626	625	12151	85
626	627	12192	85
626	656	12326	88
627	597	12163	86
627	626	12160	95
627	628	12234	99
627	657	12367	89
628	598	12048	98
628	627	12064	89
628	629	12170	86
628	658	12016	88
629	599	12250	88
629	628	12365	89
629	630	12001	98
629	659	12254	91
630	600	12349	81
630	629	12332	87
630	660	12397	86
631	601	12045	85
631	632	12310	96
631	661	12265	89
632	602	12172	97
632	631	12395	87
632	633	12082	88
632	662	12160	83
633	603	12177	81
633	632	12003	91
633	634	12231	91
633	663	12086	96
634	604	12384	92
634	633	12098	97
634	635	12261	97
634	664	12195	98
635	605	12316	97
635	634	12293	97
635	636	12298	85
635	665	12070	97
636	606	12391	93
636	635	12254	95
636	637	12382	97
636	666	12117	93
637	607	12339	89
637	636	12207	85
637	638	12250	93
637	667	12339	99
638	608	12258	86
638	637	12286	84
638	639	12255	80
638	668	12371	94
639	609	12063	100
639	638	12149	92
639	640	12292	100
639	669	12112	88
640	610	12108	89
640	639	12051	91
640	641	12191	92
640	670	12063	99
641	611	12317	86
641	640	12017	80
641	642	12047	98
641	671	12267	86
642	612	12218	99
642	641	12294	88
642	643	12331	85
642	672	12195	99
643	613	12011	80
643	642	12127	94
643	644	12269	88
643	673	12053	98
644	614	12261	99
644	643	12046	84
644	645	12330	100
644	674	12257	98
645	615	12355	93
645	644	12289	92
645	646	12098	95
645	675	12359	92
646	616	12104	100
646	645	12177	85
646	647	12189	92
646	676	12163	81
647	617	12235	91
647	646	12235	91
647	648	12268	85
647	677	12322	83
648	618	12154	96
648	647	12299	99
648	649	12240	97
648	678	12343	100
649	619	12326	84
649	648	12194	91
649	650	12266	92
649	679	12099	80
650	620	12049	94
650	649	12216	88
650	651	12277	100
650	680	12379	100
651	621	12368	100
651	650	12019	89
651	652	12239	96
651	681	12171	92
652	622	12109	82
652	651	12325	100
652	653	12240	84
652	682	12198	81
653	623	12383	82
653	652	12065	89
653	654	12052	93
653	683	12018	81
654	624	12327	98
654	653	12170	87
654	655	12045	96
654	684	12206	86
655	625	12247	86
655	654	12214	92
655	656	12295	96
655	685	12123	94
656	626	12117	97
656	655	12340	98
656	657	12170	94
656	686	12382	86
657	627	12010	94
657	656	12253	91
657	658	12042	81
657	687	12143	99
658	628	12008	82
658	657	12125	85
658	659	12188	95
658	688	12315	95
659	629	12166	96
659	658	12398	86
659	660	12158	94
659	689	12020	96
660	630	12087	92
660	659	12113	95
660	690	12047	82
661	631	12191	96
661	662	12272	91
661	691	12372	98
662	632	12159	89
662	661	12047	92
662	663	12001	80
662	692	12145	91
663	633	12105	85
663	662	12336	86
663	664	12322	91
663	693	12234	97
664	634	12215	94
664	663	12279	82
664	665	12095	80
664	694	12214	86
665	635	12311	100
665	664	12103	87
665	666	12063	81
665	695	12152	84
666	636	12313	89
666	665	12100	96
666	667	12111	92
666	696	12320	86
667	637	12140	95
667	666	12108	96
667	668	12270	93
667	697	12330	84
668	638	12163	91
668	667	12335	81
668	669	12235	99
668	698	12068	93
669	639	12076	98
669	668	12227	89
669	670	12360	89
669	699	12286	98
670	640	12252	80
670	669	12316	92
670	671	12086	97
670	700	12020	87
671	641	12240	85
671	670	12128	98
671	672	12369	81
671	701	12279	88
672	642	12060	98
672	671	12295	98
672	673	12070	99
672	702	12400	94
673	643	12180	85
673	672	12361	86
673	674	12068	98
673	703	12084	81
674	644	12209	85
674	673	12007	99
674	675	12266	99
674	704	12340	93
675	645	12198	85
675	674	12001	91
675	676	12035	99
675	705	12319	100
676	646	12178	100
676	675	12187	81
676	677	12079	91
676	706	12087	82
677	647	12236	87
677	676	12032	85
677	678	12273	87
677	707	12320	95
678	648	12355	96
678	677	12231	92
678	679	12233	80
678	708	12152	95
679	649	12307	94
679	678	12091	91
679	680	12386	81
679	709	12173	85
680	650	12048	93
680	679	12011	93
680	681	12312	81
680	710	12211	91
681	651	12080	91
681	680	12153	80
681	682	12093	91
681	711	12083	94
682	652	12245	99
682	681	12240	95
682	683	12263	82
682	712	12157	91
683	653	12011	86
683	682	12372	87
683	684	12101	81
683	713	12307	83
684	654	12316	100
684	683	12186	86
684	685	12235	96
684	714	12103	99
685	655	12025	100
685	684	12270	95
685	686	12124	86
685	715	12026	99
686	656	12275	84
686	685	12335	94
686	687	12376	100
686	716	12132	81
687	657	12152	89
687	686	12075	96
687	688	12058	97
687	717	12375	80
688	658	12186	87
688	687	12005	86
688	689	12181	85
688	718	12200	82
689	659	12305	92
689	688	12211	89
689	690	12295	84
689	719	12018	80
690	660	12323	83
690	689	12311	86
690	720	12184	100
691	661	12184	89
691	692	12020	86
691	721	12139	92
692	662	12397	80
692	691	12073	84
692	693	12076	84
692	722	12079	96
693	663	12003	87
693	692	12088	98
693	694	12130	100
693	723	12142	88
694	664	12114	81
694	693	12392	89
694	695	12009	100
694	724	12310	94
695	665	12341	97
695	694	12393	82
695	696	12006	99
695	725	12065	99
696	666	12358	94
696	695	12384	89
696	697	12266	83
696	726	12393	80
697	667	12122	91
697	696	12157	84
697	698	12333	86
697	727	12207	91
698	668	12119	92
698	697	12396	83
698	699	12134	98
698	728	12070	84
699	669	12395	84
699	698	12069	98
699	700	12250	83
699	729	12358	92
700	670	12139	85
700	699	12033	86
700	701	12346	86
700	730	12351	96
701	671	12175	93
701	700	12050	80
701	702	12023	84
701	731	12187	85
702	672	12130	85
702	701	12243	80
702	703	12141	99
702	732	12175	83
703	673	12238	91
703	702	12201	80
703	704	12090	89
703	733	12185	87
704	674	12344	94
704	703	12335	81
704	705	12270	93
704	734	12029	86
705	675	12068	89
705	704	12310	96
705	706	12032	96
705	735	12347	92
706	676	12296	95
706	705	12361	93
706	707	12356	89
706	736	12105	91
707	677	12353	96
707	706	12301	91
707	708	12314	80
707	737	12220	85
708	678	12231	87
708	707	12042	98
708	709	12201	94
708	738	12223	97
709	679	12226	93
709	708	12035	93
709	710	12366	88
709	739	12284	82
710	680	12147	94
710	709	12243	88
710	711	12243	81
710	740	12287	81
711	681	12067	93
711	710	12062	95
711	712	12211	85
711	741	12296	81
712	682	12365	81
712	711	12200	96
712	713	12365	96
712	742	12102	81
713	683	12241	83
713	712	12124	93
713	714	12055	99
713	743	12178	91
714	684	12045	85
714	713	12096	95
714	715	12253	80
714	744	12141	88
715	685	12199	81
715	714	12203	86
715	716	12216	82
715	745	12255	81
716	686	12064	85
716	715	12191	91
716	717	12102	94
716	746	12055	91
717	687	12322	91
717	716	12127	80
717	718	12205	94
717	747	12044	89
718	688	12230	95
718	717	12093	93
718	719	12074	93
718	748	12138	82
719	689	12113	89
719	718	12120	82
719	720	12165	98
719	749	12396	91
720	690	12055	93
720	719	12189	100
720	750	12109	84
721	691	12142	98
721	722	12348	86
721	751	12300	84
722	692	12245	85
722	721	12182	80
722	723	12274	96
722	752	12021	96
723	693	12079	81
723	722	12241	80
723	724	12365	94
723	753	12337	91
724	694	12342	93
724	723	12330	96
724	725	12317	80
724	754	12008	98
725	695	12299	99
725	724	12144	87
725	726	12114	96
725	755	12048	84
726	696	12178	92
726	725	12021	82
726	727	12128	98
726	756	12131	97
727	697	12380	93
727	726	12361	89
727	728	12152	95
727	757	12154	96
728	698	12133	88
728	727	12223	80
728	729	12336	95
728	758	12351	83
729	699	12044	86
729	728	12014	96
729	730	12385	94
729	759	12379	97
730	700	12031	100
730	729	12179	81
730	731	12375	98
730	760	12392	99
731	701	12275	96
731	730	12004	80
731	732	12367	89
731	761	12102	92
732	702	12270	96
732	731	12050	96
732	733	12155	83
732	762	12061	100
733	703	12029	88
733	732	12325	82
733	734	12342	96
733	763	12356	91
734	704	12106	97
734	733	12103	87
734	735	12079	89
734	764	12133	95
735	705	12096	84
735	734	12324	82
735	736	12244	93
735	765	12384	91
736	706	12286	81
736	735	12048	93
736	737	12219	80
736	766	12171	94
737	707	12101	86
737	736	12321	82
737	738	12236	99
737	767	12339	93
738	708	12030	80
738	737	12128	88
738	739	12232	94
738	768	12104	83
739	709	12267	97
739	738	12169	96
739	740	12010	82
739	769	12135	89
740	710	12363	89
740	739	12358	93
740	741	12032	85
740	770	12354	85
741	711	12318	93
741	740	12368	92
741	742	12033	83
741	771	12046	97
742	712	12201	92
742	741	12318	86
742	743	12009	84
742	772	12113	99
743	713	12344	97
743	742	12133	81
743	744	12338	85
743	773	12264	83
744	714	12381	95
744	743	12283	94
744	745	12001	84
744	774	12171	85
745	715	12400	91
745	744	12004	92
745	746	12071	88
745	775	12194	88
746	716	12045	96
746	745	12123	99
746	747	12214	85
746	776	12289	99
747	717	12071	98
747	746	12209	94
747	748	12189	93
747	777	12310	87
748	718	12172	86
748	747	12334	82
748	749	12090	95
748	778	12327	94
749	719	12378	83
749	748	12385	88
749	750	12102	83
749	779	12154	80
750	720	12261	87
750	749	12028	92
750	780	12331	82
751	721	12321	82
751	752	12031	81
751	781	12233	95
752	722	12270	81
752	751	12088	92
752	753	12164	83
752	782	12278	91
753	723	12067	96
753	752	12312	92
753	754	12045	94
753	783	12341	95
754	724	12348	85
754	753	12397	83
754	755	12271	99
754	784	12399	81
755	725	12376	88
755	754	12317	94
755	756	12291	98
755	785	12339	80
756	726	12082	85
756	755	12140	98
756	757	12037	86
756	786	12393	80
757	727	12156	91
757	756	12060	91
757	758	12007	100
757	787	12021	96
758	728	12150	93
758	757	12149	81
758	759	12071	82
758	788	12336	100
759	729	12345	97
759	758	12046	80
759	760	12255	92
759	789	12205	83
760	730	12165	89
760	759	12186	82
760	761	12167	95
760	790	12317	81
761	731	12088	100
761	760	12392	84
761	762	12330	89
761	791	12147	94
762	732	12215	80
762	761	12238	85
762	763	12084	87
762	792	12125	88
763	733	12064	95
763	762	12195	98
763	764	12116	83
763	793	12307	89
764	734	12357	88
764	763	12373	100
764	765	12283	88
764	794	12292	99
765	735	12148	95
765	764	12269	93
765	766	12394	87
765	795	12062	93
766	736	12068	100
766	765	12342	96
766	767	12205	83
766	796	12082	91
767	737	12239	91
767	766	12014	81
767	768	12301	88
767	797	12367	99
768	738	12035	91
768	767	12126	81
768	769	12110	80
768	798	12024	99
769	739	12226	100
769	768	12045	97
769	770	12337	98
769	799	12177	80
770	740	12303	84
770	769	12243	86
770	771	12053	87
770	800	12209	82
771	741	12309	84
771	770	12168	96
771	772	12124	99
771	801	12203	97
772	742	12370	91
772	771	12197	85
772	773	12024	99
772	802	12323	95
773	743	12069	88
773	772	12309	94
773	774	12112	86
773	803	12028	93
774	744	12031	84
774	773	12277	81
774	775	12023	100
774	804	12240	82
775	745	12289	98
775	774	12388	88
775	776	12038	93
775	805	12177	95
776	746	12177	95
776	775	12314	94
776	777	12100	84
776	806	12360	97
777	747	12327	87
777	776	12344	89
777	778	12133	96
777	807	12321	93
778	748	12333	83
778	777	12179	97
778	779	12332	99
778	808	12096	92
779	749	12230	88
779	778	12318	93
779	780	12281	96
779	809	12049	95
780	750	12163	82
780	779	12035	92
780	810	12362	92
781	751	12115	87
781	782	12009	91
781	811	12171	94
782	752	12325	98
782	781	12181	96
782	783	12106	95
782	812	12339	84
783	753	12074	86
783	782	12327	83
783	784	12058	87
783	813	12368	100
784	754	12327	96
784	783	12227	99
784	785	12378	80
784	814	12393	86
785	755	12232	81
785	784	12025	83
785	786	12326	92
785	815	12201	97
786	756	12375	94
786	785	12006	94
786	787	12315	89
786	816	12247	91
787	757	12263	99
787	786	12170	87
787	788	12234	96
787	817	12164	99
788	758	12339	81
788	787	12211	83
788	789	12066	88
788	818	12350	96
789	759	12385	98
789	788	12236	94
789	790	12147	98
789	819	12084	95
790	760	12382	98
790	789	12316	86
790	791	12243	86
790	820	12149	88
791	761	12092	85
791	790	12393	87
791	792	12396	96
791	821	12194	85
792	762	12215	80
792	791	12249	84
792	793	12313	87
792	822	12044	85
793	763	12190	82
793	792	12253	96
793	794	12246	94
793	823	12361	82
794	764	12306	99
794	793	12200	85
794	795	12143	80
794	824	12288	96
795	765	12375	82
795	794	12151	98
795	796	12015	86
795	825	12263	97
796	766	12239	95
796	795	12186	94
796	797	12297	98
796	826	12040	87
797	767	12369	95
797	796	12190	93
797	798	12350	92
797	827	12114	96
798	768	12220	85
798	797	12168	100
798	799	12283	98
798	828	12165	88
799	769	12202	100
799	798	12228	86
799	800	12242	92
799	829	12341	83
800	770	12134	80
800	799	12312	86
800	801	12342	80
800	830	12183	96
801	771	12043	93
801	800	12018	89
801	802	12196	100
801	831	12212	83
802	772	12157	86
802	801	12204	81
802	803	12001	86
802	832	12179	85
803	773	12385	80
803	802	12296	81
803	804	12156	81
803	833	12211	85
804	774	12109	98
804	803	12214	83
804	805	12162	93
804	834	12044	86
805	775	12179	84
805	804	12019	86
805	806	12172	84
805	835	12165	87
806	776	12364	84
806	805	12210	97
806	807	12352	89
806	836	12084	84
807	777	12113	92
807	806	12158	83
807	808	12220	99
807	837	12322	94
808	778	12308	80
808	807	12023	80
808	809	12315	82
808	838	12169	82
809	779	12248	97
809	808	12032	100
809	810	12374	83
809	839	12175	96
810	780	12347	80
810	809	12060	100
810	840	12360	92
811	781	12234	85
811	812	12398	88
811	841	12202	94
812	782	12125	96
812	811	12239	100
812	813	12263	82
812	842	12068	80
813	783	12053	88
813	812	12134	87
813	814	12066	94
813	843	12305	95
814	784	12052	100
814	813	12380	87
814	815	12326	86
814	844	12050	89
815	785	12065	82
815	814	12039	82
815	816	12324	87
815	845	12248	91
816	786	12243	80
816	815	12289	93
816	817	12344	98
816	846	12125	87
817	787	12368	91
817	816	12192	96
817	818	12050	95
817	847	12343	100
818	788	12264	95
818	817	12110	95
818	819	12281	85
818	848	12146	94
819	789	12378	93
819	818	12007	85
819	820	12104	88
819	849	12001	81
820	790	12279	84
820	819	12017	82
820	821	12006	95
820	850	12263	97
821	791	12249	89
821	820	12123	84
821	822	12267	85
821	851	12163	80
822	792	12121	84
822	821	12336	100
822	823	12205	91
822	852	12035	96
823	793	12124	93
823	822	12201	86
823	824	12121	82
823	853	12298	86
824	794	12313	85
824	823	12230	82
824	825	12040	92
824	854	12099	92
825	795	12125	97
825	824	12084	89
825	826	12283	87
825	855	12337	95
826	796	12239	100
826	825	12117	88
826	827	12353	86
826	856	12377	96
827	797	12300	98
827	826	12287	80
827	828	12385	93
827	857	12363	92
828	798	12262	85
828	827	12252	87
828	829	12026	86
828	858	12047	88
829	799	12119	95
829	828	12259	85
829	830	12211	97
829	859	12049	80
830	800	12193	87
830	829	12251	96
830	831	12290	83
830	860	12051	82
831	801	12319	91
831	830	12380	85
831	832	12377	85
831	861	12249	100
832	802	12118	95
832	831	12370	86
832	833	12179	84
832	862	12165	97
833	803	12298	99
833	832	12112	94
833	834	12165	89
833	863	12338	89
834	804	12360	94
834	833	12129	85
834	835	12344	80
834	864	12208	92
835	805	12261	94
835	834	12302	85
835	836	12106	98
835	865	12097	99
836	806	12206	93
836	835	12288	81
836	837	12002	98
836	866	12208	88
837	807	12119	100
837	836	12031	93
837	838	12110	89
837	867	12154	91
838	808	12173	87
838	837	12178	87
838	839	12254	83
838	868	12319	96
839	809	12326	94
839	838	12022	95
839	840	12352	87
839	869	12177	97
840	810	12231	99
840	839	12373	88
840	870	12134	91
841	811	12078	81
841	842	12284	92
841	871	12183	91
842	812	12106	91
842	841	12006	94
842	843	12372	80
842	872	12319	98
843	813	12222	88
843	842	12228	92
843	844	12281	80
843	873	12116	93
844	814	12122	92
844	843	12147	94
844	845	12330	95
844	874	12109	84
845	815	12200	83
845	844	12272	92
845	846	12189	80
845	875	12162	98
846	816	12165	99
846	845	12010	95
846	847	12052	85
846	876	12010	89
847	817	12360	94
847	846	12198	84
847	848	12111	97
847	877	12210	89
848	818	12095	94
848	847	12296	100
848	849	12118	99
848	878	12141	88
849	819	12263	97
849	848	12334	92
849	850	12172	91
849	879	12240	88
850	820	12099	95
850	849	12340	87
850	851	12112	99
850	880	12298	85
851	821	12143	84
851	850	12165	93
851	852	12268	86
851	881	12232	84
852	822	12075	93
852	851	12397	93
852	853	12141	89
852	882	12332	94
853	823	12271	98
853	852	12101	88
853	854	12162	81
853	883	12214	88
854	824	12166	95
854	853	12082	80
854	855	12308	81
854	884	12274	96
855	825	12258	98
855	854	12186	100
855	856	12325	92
855	885	12064	87
856	826	12040	87
856	855	12158	91
856	857	12127	92
856	886	12210	86
857	827	12312	99
857	856	12162	82
857	858	12334	80
857	887	12262	99
858	828	12126	91
858	857	12077	95
858	859	12301	86
858	888	12314	99
859	829	12051	96
859	858	12086	84
859	860	12019	85
859	889	12390	88
860	830	12394	92
860	859	12068	100
860	861	12034	84
860	890	12217	91
861	831	12057	96
861	860	12296	81
861	862	12154	89
861	891	12187	97
862	832	12289	98
862	861	12176	89
862	863	12307	93
862	892	12137	84
863	833	12184	83
863	862	12316	96
863	864	12307	91
863	893	12345	95
864	834	12213	85
864	863	12251	95
864	865	12298	99
864	894	12158	95
865	835	12217	80
865	864	12331	91
865	866	12232	93
865	895	12269	97
866	836	12160	94
866	865	12089	91
866	867	12149	84
866	896	12051	89
867	837	12077	94
867	866	12394	100
867	868	12015	81
867	897	12368	92
868	838	12297	89
868	867	12116	84
868	869	12089	97
868	898	12056	86
869	839	12386	92
869	868	12193	94
869	870	12171	80
869	899	12116	93
870	840	12297	85
870	869	12234	83
870	900	12304	98
871	841	12204	95
871	872	12164	84
872	842	12162	96
872	871	12086	82
872	873	12249	85
873	843	12222	81
873	872	12004	96
873	874	12355	82
874	844	12197	80
874	873	12097	91
874	875	12349	96
875	845	12015	86
875	874	12315	98
875	876	12155	97
876	846	12188	80
876	875	12154	82
876	877	12233	82
877	847	12139	98
877	876	12230	82
877	878	12229	87
878	848	12380	80
878	877	12187	94
878	879	12038	96
879	849	12077	80
879	878	12383	97
879	880	12271	95
880	850	12268	96
880	879	12105	100
880	881	12077	91
881	851	12341	98
881	880	12336	86
881	882	12238	80
882	852	12116	83
882	881	12010	84
882	883	12032	92
883	853	12374	94
883	882	12208	86
883	884	12066	95
884	854	12178	88
884	883	12112	81
884	885	12379	87
885	855	12264	98
885	884	12059	100
885	886	12120	95
886	856	12094	87
886	885	12059	91
886	887	12322	96
887	857	12100	98
887	886	12220	99
887	888	12344	86
888	858	12271	92
888	887	12118	84
888	889	12279	93
889	859	12056	98
889	888	12266	91
889	890	12253	92
890	860	12367	93
890	889	12118	92
890	891	12133	83
891	861	12136	93
891	890	12181	95
891	892	12162	89
892	862	12298	85
892	891	12140	91
892	893	12152	93
893	863	12121	84
893	892	12173	84
893	894	12176	88
894	864	12294	84
894	893	12131	96
894	895	12078	98
895	865	12269	83
895	894	12192	82
895	896	12012	97
896	866	12043	98
896	895	12070	100
896	897	12136	100
897	867	12203	91
897	896	12177	82
897	898	12261	80
898	868	12010	100
898	897	12183	87
898	899	12333	85
899	869	12229	88
899	898	12355	88
899	900	12285	92
900	870	12172	80
900	899	12163	83
