1	2	19843	91
1	36	19990	97
2	1	19809	95
2	3	19845	82
2	37	19857	92
3	2	20059	85
3	4	20122	95
3	38	19996	97
4	3	19882	93
4	5	19849	83
4	39	19899	85
5	4	19848	99
5	6	19817	87
5	40	19834	80
6	5	20189	85
6	7	20018	98
6	41	19961	88
7	6	20149	93
7	8	20131	84
7	42	19930	85
8	7	20056	81
8	9	19864	96
8	43	19990	96
9	8	19988	88
9	10	19901	87
9	44	20092	98
10	9	19916	84
10	11	20125	97
10	45	19975	100
11	10	19989	83
11	12	19923	99
11	46	20120	94
12	11	19859	88
12	13	20104	86
12	47	20010	96
13	12	20007	83
13	14	20083	98
13	48	20157	85
14	13	19939	93
14	15	19974	86
14	49	20007	93
15	14	20088	94
15	16	19971	82
15	50	20089	96
16	15	20145	91
16	17	19857	88
16	51	20084	92
17	16	20026	98
17	18	19956	83
17	52	20039	82
18	17	20179	88
18	19	19963	94
18	53	19889	96
19	18	19901	94
19	20	19988	80
19	54	19988	94
20	19	19934	86
20	21	20196	100
20	55	19998	100
21	20	20003	94
21	22	19849	82
21	56	20158	89
22	21	20103	98
22	23	19876	88
22	57	20112	100
23	22	19951	89
23	24	20091	81
23	58	19803	92
24	23	19977	98
24	25	20034	92
24	59	19891	92
25	24	19838	92
25	26	20081	96
25	60	19910	94
26	25	20081	99
26	27	20176	97
26	61	19985	97
27	26	20110	92
27	28	20168	89
27	62	19916	95
28	27	20078	82
28	29	19896	84
28	63	19969	89
29	28	19900	99
29	30	19852	96
29	64	20119	81
30	29	19986	94
30	31	20169	94
30	65	19962	95
31	30	20112	80
31	32	20097	81
31	66	20009	95
32	31	20077	94
32	33	20081	95
32	67	20078	81
33	32	19945	88
33	34	19943	81
33	68	19844	94
34	33	20061	80
34	35	20045	98
34	69	20073	94
35	34	20190	80
35	70	20044	86
36	1	19901	95
36	37	19856	82
36	71	20122	98
37	2	20173	85
37	36	19847	81
37	38	19928	95
37	72	19839	86
38	3	20090	91
38	37	19971	93
38	39	20189	87
38	73	19926	96
39	4	19880	99
39	38	20099	99
39	40	19899	89
39	74	19809	98
40	5	20118	93
40	39	20088	87
40	41	20057	91
40	75	19944	83
41	6	19927	85
41	40	20025	96
41	42	20068	97
41	76	19999	96
42	7	20167	82
42	41	20055	82
42	43	20133	84
42	77	19883	94
43	8	19867	86
43	42	19837	100
43	44	20142	93
43	78	19910	93
44	9	20198	96
44	43	20163	87
44	45	20121	94
44	79	20122	87
45	10	20128	83
45	44	19925	83
45	46	19805	96
45	80	19876	96
46	11	20035	89
46	45	20165	83
46	47	19985	91
46	81	20121	92
47	12	19828	92
47	46	20005	85
47	48	20018	94
47	82	19851	94
48	13	19855	95
48	47	20190	84
48	49	20123	83
48	83	19983	84
49	14	19937	94
49	48	19818	89
49	50	20074	85
49	84	20136	92
50	15	20025	85
50	49	20022	98
50	51	20096	92
50	85	19956	99
51	16	20193	97
51	50	20167	89
51	52	19994	84
51	86	20066	80
52	17	19893	80
52	51	19913	97
52	53	19901	98
52	87	19894	86
53	18	20165	94
53	52	19921	85
53	54	19885	91
53	88	19842	84
54	19	19928	88
54	53	20156	84
54	55	19804	81
54	89	19864	82
55	20	20064	83
55	54	20153	86
55	56	19838	91
55	90	19912	100
56	21	20003	83
56	55	19806	95
56	57	19908	85
56	91	19906	80
57	22	20115	91
57	56	19842	84
57	58	19979	86
57	92	19906	94
58	23	19843	85
58	57	20150	85
58	59	19887	82
58	93	20136	84
59	24	20063	97
59	58	19913	94
59	60	19873	95
59	94	19920	81
60	25	20006	85
60	59	20125	85
60	61	20060	100
60	95	20009	91
61	26	20040	82
61	60	20035	80
61	62	20073	85
61	96	20143	96
62	27	19828	83
62	61	20093	84
62	63	19816	88
62	97	19922	88
63	28	19981	91
63	62	20164	94
63	64	19823	86
63	98	20046	92
64	29	19909	92
64	63	19956	93
64	65	20191	83
64	99	19978	99
65	30	19986	86
65	64	20042	84
65	66	20110	88
65	100	19912	86
66	31	19951	88
66	65	20029	85
66	67	20198	94
66	101	19886	98
67	32	20034	88
67	66	19840	94
67	68	20064	81
67	102	19919	93
68	33	19951	98
68	67	19863	100
68	69	20099	93
68	103	20026	87
69	34	19848	91
69	68	19952	95
69	70	19912	100
69	104	19974	91
70	35	19936	84
70	69	19810	97
70	105	20032	85
71	36	20052	89
71	72	20107	93
71	106	19944	95
72	37	20076	84
72	71	19895	82
72	73	19855	97
72	107	20145	89
73	38	19994	88
73	72	19852	91
73	74	19813	100
73	108	19846	86
74	39	20027	98
74	73	19941	96
74	75	20017	88
74	109	20139	92
75	40	19958	98
75	74	20056	94
75	76	19805	89
75	110	20198	93
76	41	20088	82
76	75	20100	85
76	77	20079	82
76	111	19878	98
77	42	20155	85
77	76	20092	97
77	78	20019	96
77	112	20048	85
78	43	20182	84
78	77	20119	85
78	79	20186	84
78	113	20029	87
79	44	19901	81
79	78	20196	99
79	80	20106	93
79	114	20091	86
80	45	19936	94
80	79	19888	82
80	81	19862	85
80	115	19969	88
81	46	20173	81
81	80	20169	81
81	82	20196	82
81	116	20173	96
82	47	20130	98
82	81	20169	82
82	83	19845	91
82	117	19846	92
83	48	19932	96
83	82	20083	94
83	84	19809	86
83	118	19929	93
84	49	19904	85
84	83	20085	88
84	85	20079	88
84	119	19806	88
85	50	19805	88
85	84	20141	94
85	86	20123	98
85	120	20182	87
86	51	20102	91
86	85	20148	84
86	87	19853	81
86	121	19961	94
87	52	19908	94
87	86	20086	97
87	88	19983	88
87	122	19887	81
88	53	19981	100
88	87	20043	93
88	89	20087	83
88	123	19909	83
89	54	19823	93
89	88	20156	96
89	90	20072	97
89	124	19828	87
90	55	20056	99
90	89	19962	82
90	91	20178	81
90	125	19803	84
91	56	19926	94
91	90	19991	80
91	92	20019	87
91	126	19859	82
92	57	19907	81
92	91	19885	88
92	93	20179	93
92	127	20175	98
93	58	20062	91
93	92	19895	97
93	94	20065	89
93	128	20105	92
94	59	20128	93
94	93	20017	95
94	95	19947	88
94	129	20103	93
95	60	19974	89
95	94	20041	86
95	96	20078	91
95	130	20104	96
96	61	20026	96
96	95	19963	80
96	97	20027	81
96	131	20134	98
97	62	19875	100
97	96	20029	100
97	98	19917	97
97	132	19903	80
98	63	19879	88
98	97	19869	82
98	99	19895	80
98	133	19951	89
99	64	19980	93
99	98	19993	85
99	100	19944	81
99	134	19902	99
100	65	20133	100
100	99	19899	96
100	101	19942	80
100	135	19996	97
101	66	20177	96
101	100	20063	91
101	102	20090	91
101	136	19852	83
102	67	19951	96
102	101	20072	94
102	103	20016	81
102	137	19839	98
103	68	19861	96
103	102	20166	94
103	104	19869	88
103	138	20199	87
104	69	19924	88
104	103	20041	87
104	105	20114	92
104	139	20101	95
105	70	19900	93
105	104	20190	97
105	140	20142	89
106	71	20178	89
106	107	20111	87
106	141	20030	88
107	72	20014	82
107	106	19919	97
107	108	19973	97
107	142	20089	82
108	73	19830	96
108	107	19861	98
108	109	19850	88
108	143	20111	84
109	74	19870	97
109	108	19970	94
109	110	20039	81
109	144	19940	89
110	75	19979	84
110	109	20148	91
110	111	20104	96
110	145	19845	82
111	76	20148	89
111	110	19843	87
111	112	19965	96
111	146	19954	89
112	77	19973	81
112	111	19919	97
112	113	19964	98
112	147	19856	93
113	78	20118	87
113	112	20154	100
113	114	20105	93
113	148	20030	80
114	79	19899	89
114	113	19922	97
114	115	20102	80
114	149	20170	86
115	80	20089	81
115	114	19822	80
115	116	20023	84
115	150	20065	84
116	81	19863	96
116	115	19824	96
116	117	19970	86
116	151	20096	97
117	82	19802	95
117	116	20086	100
117	118	20173	88
117	152	19812	99
118	83	19851	87
118	117	20004	94
118	119	19954	94
118	153	20057	93
119	84	20165	88
119	118	20073	96
119	120	20124	95
119	154	19887	94
120	85	20141	97
120	119	20096	92
120	121	20074	82
120	155	20175	80
121	86	19947	83
121	120	19926	80
121	122	20134	88
121	156	19927	80
122	87	19875	81
122	121	19890	91
122	123	20037	86
122	157	20005	93
123	88	19813	81
123	122	19866	91
123	124	20083	83
123	158	19897	91
124	89	20165	84
124	123	20170	95
124	125	19836	83
124	159	19813	97
125	90	20115	89
125	124	20018	80
125	126	20143	94
125	160	20150	85
126	91	20161	88
126	125	19919	89
126	127	20106	88
126	161	19814	98
127	92	20029	96
127	126	20178	80
127	128	20008	95
127	162	19834	80
128	93	20066	80
128	127	19852	83
128	129	19819	89
128	163	20152	97
129	94	20047	92
129	128	19934	80
129	130	19870	98
129	164	20046	85
130	95	19895	89
130	129	19923	95
130	131	20141	81
130	165	20034	99
131	96	19816	85
131	130	19940	93
131	132	19945	98
131	166	20147	94
132	97	19994	91
132	131	19963	96
132	133	20034	86
132	167	20011	95
133	98	20123	96
133	132	19930	95
133	134	20150	88
133	168	20013	86
134	99	20105	89
134	133	19878	93
134	135	20003	97
134	169	19812	95
135	100	19837	81
135	134	19891	89
135	136	19929	98
135	170	19849	86
136	101	20174	85
136	135	20195	95
136	137	20000	83
136	171	20130	80
137	102	19801	94
137	136	19987	85
137	138	19832	82
137	172	19940	82
138	103	20121	88
138	137	20153	91
138	139	19877	96
138	173	19947	94
139	104	20065	85
139	138	20024	83
139	140	20037	95
139	174	19964	87
140	105	20149	83
140	139	20155	82
140	175	19985	95
141	106	19825	91
141	142	20077	80
141	176	20072	82
142	107	19831	87
142	141	19848	99
142	143	20013	89
142	177	20157	91
143	108	19927	81
143	142	19934	96
143	144	19827	84
143	178	19836	91
144	109	20034	87
144	143	20177	97
144	145	20033	99
144	179	20020	87
145	110	19859	92
145	144	20037	96
145	146	19929	95
145	180	19978	82
146	111	19977	84
146	145	20149	88
146	147	19853	97
146	181	20197	91
147	112	19943	95
147	146	19820	93
147	148	19864	100
147	182	20183	98
148	113	19826	91
148	147	19885	94
148	149	20162	87
148	183	19984	92
149	114	19947	89
149	148	19979	89
149	150	19968	84
149	184	19982	81
150	115	19863	87
150	149	19888	88
150	151	20155	95
150	185	20117	97
151	116	20195	87
151	150	20049	98
151	152	19972	95
151	186	19923	82
152	117	19908	99
152	151	20048	83
152	153	19945	100
152	187	20111	85
153	118	19873	94
153	152	20190	95
153	154	20089	91
153	188	19889	95
154	119	20099	99
154	153	19801	97
154	155	19930	86
154	189	19960	96
155	120	19877	92
155	154	20117	91
155	156	19856	83
155	190	20171	93
156	121	19816	98
156	155	19836	83
156	157	19907	96
156	191	20180	82
157	122	19816	83
157	156	19983	80
157	158	19921	96
157	192	20086	88
158	123	19960	87
158	157	20156	81
158	159	19936	94
158	193	19806	87
159	124	19963	95
159	158	20015	97
159	160	19981	88
159	194	20148	88
160	125	20175	87
160	159	20081	91
160	161	20150	97
160	195	19939	97
161	126	20156	95
161	160	20095	81
161	162	20076	83
161	196	20189	83
162	127	19832	83
162	161	19811	98
162	163	19926	89
162	197	20034	97
163	128	20052	95
163	162	20088	98
163	164	20021	81
163	198	19829	97
164	129	19949	98
164	163	19928	87
164	165	19993	83
164	199	20155	84
165	130	19926	100
165	164	20136	85
165	166	20200	94
165	200	20096	95
166	131	20071	96
166	165	20060	96
166	167	19900	92
166	201	19962	98
167	132	20023	85
167	166	20078	86
167	168	20106	99
167	202	20197	99
168	133	20094	81
168	167	19883	80
168	169	20028	80
168	203	20062	93
169	134	20061	99
169	168	20042	93
169	170	19823	100
169	204	19835	91
170	135	19845	88
170	169	20083	98
170	171	20154	97
170	205	20101	94
171	136	20081	98
171	170	20174	85
171	172	20076	83
171	206	19886	83
172	137	20004	80
172	171	20062	98
172	173	20167	95
172	207	20012	95
173	138	19849	86
173	172	19922	82
173	174	20008	93
173	208	19814	89
174	139	19986	92
174	173	19997	95
174	175	20129	86
174	209	20007	87
175	140	20007	82
175	174	20068	100
175	210	19930	87
176	141	19841	89
176	177	19963	100
176	211	20045	96
177	142	20093	89
177	176	20125	84
177	178	20178	96
177	212	19911	88
178	143	19802	97
178	177	19871	83
178	179	19844	93
178	213	19906	81
179	144	20064	89
179	178	20127	83
179	180	20012	85
179	214	20000	94
180	145	19875	95
180	179	19958	98
180	181	19997	89
180	215	19924	96
181	146	20113	92
181	180	20140	87
181	182	19992	87
181	216	20016	80
182	147	19884	88
182	181	19927	81
182	183	20130	99
182	217	20150	95
183	148	19842	96
183	182	20053	81
183	184	19983	91
183	218	19807	89
184	149	19978	82
184	183	20142	92
184	185	19918	81
184	219	20150	95
185	150	20000	100
185	184	20063	91
185	186	19934	96
185	220	19969	85
186	151	19818	82
186	185	19830	81
186	187	20174	97
186	221	19958	81
187	152	19843	85
187	186	19969	83
187	188	19933	85
187	222	19979	92
188	153	19812	85
188	187	20149	83
188	189	20181	97
188	223	20189	97
189	154	19852	91
189	188	20017	81
189	190	20002	84
189	224	19877	84
190	155	20103	86
190	189	20010	91
190	191	19967	95
190	225	20093	92
191	156	20195	88
191	190	20100	85
191	192	20055	95
191	226	19902	92
192	157	20111	91
192	191	19845	87
192	193	19931	84
192	227	19966	88
193	158	20138	91
193	192	20096	80
193	194	19995	97
193	228	20071	87
194	159	19819	100
194	193	20129	80
194	195	19818	92
194	229	19905	92
195	160	20018	80
195	194	20167	87
195	196	19968	87
195	230	20114	95
196	161	20016	87
196	195	19849	96
196	197	19850	94
196	231	20119	80
197	162	20146	95
197	196	19808	92
197	198	19964	85
197	232	20155	87
198	163	19881	99
198	197	20127	95
198	199	19998	86
198	233	19983	91
199	164	19881	91
199	198	20034	80
199	200	19968	87
199	234	20148	92
200	165	19927	80
200	199	20187	99
200	201	19812	81
200	235	19848	80
201	166	20036	83
201	200	19932	82
201	202	19862	95
201	236	20058	98
202	167	19887	84
202	201	20076	92
202	203	19995	89
202	237	20000	91
203	168	19849	81
203	202	19954	94
203	204	19879	88
203	238	19992	94
204	169	19953	86
204	203	20138	92
204	205	20131	93
204	239	19964	100
205	170	20090	97
205	204	19963	80
205	206	19997	84
205	240	19884	100
206	171	20168	93
206	205	20028	92
206	207	20161	91
206	241	20167	89
207	172	19932	80
207	206	20028	85
207	208	19901	85
207	242	19928	91
208	173	19962	94
208	207	20089	82
208	209	20010	97
208	243	19940	95
209	174	19960	94
209	208	19966	83
209	210	19876	95
209	244	20160	83
210	175	19842	84
210	209	19865	85
210	245	20162	98
211	176	19882	94
211	212	20138	84
211	246	20046	100
212	177	19864	93
212	211	19990	99
212	213	20030	84
212	247	20181	83
213	178	19991	83
213	212	20162	80
213	214	19920	87
213	248	20023	80
214	179	19861	98
214	213	20088	82
214	215	20055	82
214	249	19951	100
215	180	19831	83
215	214	19980	92
215	216	20118	100
215	250	20144	84
216	181	20073	80
216	215	19811	93
216	217	20091	88
216	251	20161	95
217	182	20008	93
217	216	20174	96
217	218	20113	96
217	252	20084	80
218	183	20015	91
218	217	20194	95
218	219	20042	93
218	253	20179	94
219	184	20014	87
219	218	20180	100
219	220	20022	95
219	254	19848	99
220	185	20161	82
220	219	20073	96
220	221	19988	94
220	255	20031	82
221	186	19834	94
221	220	20136	81
221	222	19806	80
221	256	19815	100
222	187	20152	93
222	221	20177	89
222	223	19968	92
222	257	19822	99
223	188	19823	94
223	222	20142	97
223	224	20144	99
223	258	19931	86
224	189	19939	86
224	223	19956	86
224	225	19923	95
224	259	19901	99
225	190	19932	94
225	224	19867	86
225	226	19836	91
225	260	20054	98
226	191	19892	87
226	225	19963	87
226	227	20183	82
226	261	20185	83
227	192	19884	98
227	226	20109	89
227	228	20175	89
227	262	19854	80
228	193	19845	94
228	227	20190	91
228	229	20106	81
228	263	19831	95
229	194	19902	95
229	228	19900	93
229	230	19859	94
229	264	19854	83
230	195	19904	97
230	229	19950	86
230	231	20070	98
230	265	20053	84
231	196	19987	80
231	230	19964	89
231	232	20054	99
231	266	20025	97
232	197	20193	94
232	231	20106	99
232	233	20007	87
232	267	20093	87
233	198	20139	80
233	232	20126	91
233	234	20006	85
233	268	19936	94
234	199	19961	86
234	233	20061	92
234	235	20097	81
234	269	19941	98
235	200	19939	80
235	234	19872	82
235	236	20012	93
235	270	20043	91
236	201	20027	91
236	235	19882	89
236	237	20003	82
236	271	19809	95
237	202	19874	94
237	236	20052	98
237	238	20126	87
237	272	20140	83
238	203	20187	100
238	237	19992	95
238	239	19864	84
238	273	19945	88
239	204	20011	86
239	238	20141	91
239	240	19829	87
239	274	20151	91
240	205	19965	92
240	239	19995	81
240	241	19831	91
240	275	20010	84
241	206	20029	87
241	240	19844	94
241	242	19840	98
241	276	20075	81
242	207	19911	81
242	241	19865	84
242	243	20156	83
242	277	19992	86
243	208	20189	84
243	242	19860	80
243	244	20081	85
243	278	19883	82
244	209	19855	89
244	243	19874	81
244	245	19834	86
244	279	19880	82
245	210	20066	82
245	244	20181	95
245	280	20191	95
246	211	20165	97
246	247	20111	87
246	281	20076	87
247	212	20189	91
247	246	20087	89
247	248	19822	91
247	282	19957	96
248	213	20189	91
248	247	19919	96
248	249	20023	87
248	283	20143	96
249	214	19816	81
249	248	19812	100
249	250	20036	87
249	284	20102	83
250	215	20091	83
250	249	19904	95
250	251	19870	83
250	285	19944	88
251	216	20066	88
251	250	20168	98
251	252	20077	92
251	286	19849	93
252	217	20071	82
252	251	19930	89
252	253	20118	91
252	287	20080	85
253	218	19889	95
253	252	20049	100
253	254	19832	100
253	288	20060	91
254	219	19975	92
254	253	20104	93
254	255	20021	85
254	289	19963	92
255	220	20021	84
255	254	19952	94
255	256	19983	85
255	290	20085	82
256	221	20190	100
256	255	20029	98
256	257	19972	85
256	291	19857	87
257	222	20124	86
257	256	20145	93
257	258	20034	83
257	292	20168	86
258	223	19849	95
258	257	19945	88
258	259	20003	93
258	293	20052	84
259	224	20073	82
259	258	19989	81
259	260	20085	80
259	294	19805	83
260	225	20006	100
260	259	19825	84
260	261	20040	92
260	295	20001	97
261	226	20200	83
261	260	20007	81
261	262	19963	91
261	296	20052	88
262	227	20139	87
262	261	20023	91
262	263	19902	93
262	297	19802	94
263	228	20075	83
263	262	19906	83
263	264	20094	100
263	298	20183	80
264	229	20025	93
264	263	19867	86
264	265	19856	100
264	299	20032	97
265	230	19854	100
265	264	20146	97
265	266	20132	89
265	300	19899	88
266	231	20143	88
266	265	19805	91
266	267	20112	92
266	301	19930	100
267	232	20161	85
267	266	19862	97
267	268	20134	94
267	302	19882	85
268	233	19849	88
268	267	19900	80
268	269	20081	97
268	303	19926	81
269	234	20133	100
269	268	19931	92
269	270	19889	86
269	304	19907	89
270	235	20080	89
270	269	19874	96
270	271	20175	92
270	305	20127	82
271	236	20002	82
271	270	19997	98
271	272	19994	83
271	306	20099	81
272	237	19826	85
272	271	19908	91
272	273	20155	93
272	307	19951	84
273	238	19841	93
273	272	19836	80
273	274	19878	100
273	308	20137	81
274	239	19939	80
274	273	20181	93
274	275	20037	86
274	309	20108	83
275	240	20050	81
275	274	19881	89
275	276	19980	86
275	310	20019	91
276	241	19900	86
276	275	19971	82
276	277	19942	88
276	311	20131	87
277	242	19993	80
277	276	20089	84
277	278	20077	95
277	312	19962	98
278	243	19931	97
278	277	19896	94
278	279	20097	97
278	313	19862	80
279	244	19991	82
279	278	19964	91
279	280	20159	96
279	314	19865	80
280	245	20061	86
280	279	20111	84
280	315	20187	93
281	246	20084	100
281	282	19860	100
281	316	20125	88
282	247	19857	98
282	281	19915	82
282	283	20139	87
282	317	20056	98
283	248	20056	88
283	282	19903	80
283	284	19997	93
283	318	19828	91
284	249	20017	82
284	283	19945	91
284	285	19997	81
284	319	20144	81
285	250	20160	99
285	284	20080	100
285	286	19823	89
285	320	20034	83
286	251	20029	86
286	285	19941	91
286	287	20165	96
286	321	19816	81
287	252	20166	81
287	286	19918	93
287	288	19970	92
287	322	20033	83
288	253	20103	86
288	287	20104	98
288	289	19938	98
288	323	19927	93
289	254	20108	89
289	288	20088	92
289	290	19820	91
289	324	20011	80
290	255	20093	85
290	289	20049	100
290	291	19985	87
290	325	19900	94
291	256	20084	87
291	290	19819	98
291	292	19997	85
291	326	19972	94
292	257	20079	94
292	291	19974	85
292	293	19915	80
292	327	20012	97
293	258	20108	100
293	292	20025	87
293	294	19801	100
293	328	19807	87
294	259	19889	94
294	293	20157	93
294	295	19992	92
294	329	20048	83
295	260	20116	91
295	294	19992	80
295	296	20001	87
295	330	20116	83
296	261	19975	99
296	295	20024	91
296	297	20200	94
296	331	19892	100
297	262	20111	94
297	296	20008	96
297	298	20172	89
297	332	20178	96
298	263	20046	88
298	297	19947	88
298	299	19854	98
298	333	20071	93
299	264	20072	97
299	298	19948	98
299	300	20185	100
299	334	19869	91
300	265	19835	98
300	299	19809	87
300	301	20166	100
300	335	19855	82
301	266	19999	86
301	300	19804	98
301	302	19847	92
301	336	19936	84
302	267	20034	88
302	301	19910	96
302	303	20158	80
302	337	20096	100
303	268	20116	80
303	302	20171	86
303	304	19888	84
303	338	19814	91
304	269	20165	96
304	303	19822	84
304	305	19928	88
304	339	20030	91
305	270	20027	80
305	304	19877	89
305	306	19900	94
305	340	20199	94
306	271	19812	98
306	305	20001	80
306	307	20063	89
306	341	20017	88
307	272	20012	82
307	306	19969	94
307	308	20030	96
307	342	19965	97
308	273	19991	95
308	307	20142	99
308	309	20001	85
308	343	19840	97
309	274	20081	80
309	308	20043	86
309	310	20014	83
309	344	19838	96
310	275	19881	81
310	309	19887	99
310	311	20148	83
310	345	20148	94
311	276	19977	84
311	310	20127	95
311	312	19968	94
311	346	20015	89
312	277	20099	98
312	311	19883	81
312	313	20142	87
312	347	19851	92
313	278	20123	88
313	312	20115	85
313	314	20129	97
313	348	20133	85
314	279	20128	98
314	313	19993	84
314	315	20064	80
314	349	19869	89
315	280	19930	92
315	314	19950	83
315	350	19940	89
316	281	19990	93
316	317	19893	84
316	351	19849	97
317	282	19806	89
317	316	20023	100
317	318	19842	87
317	352	20156	100
318	283	20094	92
318	317	19817	85
318	319	19884	84
318	353	20161	98
319	284	20183	100
319	318	19881	88
319	320	19943	87
319	354	19921	91
320	285	19919	82
320	319	20095	84
320	321	19839	84
320	355	19978	80
321	286	20196	97
321	320	19956	97
321	322	19905	95
321	356	19929	99
322	287	20119	84
322	321	20128	95
322	323	19967	99
322	357	19892	100
323	288	20049	94
323	322	20049	82
323	324	19891	91
323	358	19945	86
324	289	20061	97
324	323	20165	87
324	325	19922	86
324	359	19996	83
325	290	19909	94
325	324	19946	100
325	326	20006	100
325	360	19945	80
326	291	20018	98
326	325	19863	80
326	327	19935	93
326	361	20197	84
327	292	20024	82
327	326	20060	96
327	328	19900	99
327	362	20001	95
328	293	19955	92
328	327	19916	84
328	329	20087	92
328	363	20066	83
329	294	20186	97
329	328	20030	91
329	330	20117	99
329	364	20114	98
330	295	20068	81
330	329	20020	93
330	331	20138	94
330	365	19852	81
331	296	20145	80
331	330	20066	100
331	332	19998	97
331	366	19995	92
332	297	19875	100
332	331	19995	98
332	333	19898	82
332	367	19836	84
333	298	20170	92
333	332	19840	93
333	334	20135	93
333	368	19998	82
334	299	19853	94
334	333	20055	87
334	335	20163	82
334	369	20043	92
335	300	20167	81
335	334	20137	89
335	336	20168	93
335	370	20004	100
336	301	20028	84
336	335	19828	80
336	337	20181	85
336	371	19893	82
337	302	20143	97
337	336	20048	98
337	338	19938	84
337	372	19854	84
338	303	19914	86
338	337	20129	93
338	339	20089	95
338	373	19817	95
339	304	20018	99
339	338	20114	97
339	340	19991	99
339	374	20130	88
340	305	19803	96
340	339	19875	89
340	341	19879	95
340	375	20009	81
341	306	19989	94
341	340	19822	92
341	342	19828	84
341	376	20091	91
342	307	19803	95
342	341	20159	92
342	343	20133	82
342	377	19936	96
343	308	19847	95
343	342	19852	81
343	344	19905	99
343	378	19951	87
344	309	19826	97
344	343	19871	100
344	345	20097	91
344	379	20194	86
345	310	20036	80
345	344	19870	91
345	346	20187	87
345	380	19917	93
346	311	20129	92
346	345	20066	85
346	347	19905	94
346	381	19920	91
347	312	20072	80
347	346	19877	96
347	348	20047	83
347	382	19968	83
348	313	20003	86
348	347	19886	93
348	349	20158	93
348	383	20144	96
349	314	19906	81
349	348	19897	91
349	350	19922	96
349	384	19989	98
350	315	19811	81
350	349	20029	83
350	385	20052	97
351	316	19902	80
351	352	19835	95
351	386	20031	92
352	317	19908	96
352	351	19855	92
352	353	19976	99
352	387	20169	91
353	318	20049	84
353	352	19890	97
353	354	20170	91
353	388	20047	84
354	319	20119	99
354	353	19862	97
354	355	20125	91
354	389	19929	92
355	320	19910	82
355	354	20077	86
355	356	19847	96
355	390	20126	87
356	321	19981	86
356	355	19911	99
356	357	19970	81
356	391	20199	85
357	322	20069	96
357	356	20054	97
357	358	19994	97
357	392	19958	87
358	323	20091	95
358	357	19842	100
358	359	19956	93
358	393	20006	96
359	324	19958	82
359	358	20152	98
359	360	20041	91
359	394	20189	92
360	325	19811	86
360	359	20112	83
360	361	20043	100
360	395	20135	94
361	326	20086	85
361	360	20091	93
361	362	19990	97
361	396	19813	86
362	327	19828	83
362	361	20033	88
362	363	19849	95
362	397	19902	87
363	328	19864	96
363	362	19995	80
363	364	20022	81
363	398	19919	96
364	329	20046	100
364	363	19953	97
364	365	20137	93
364	399	19869	98
365	330	19981	82
365	364	20144	98
365	366	19866	89
365	400	20186	92
366	331	20047	82
366	365	20189	89
366	367	20056	81
366	401	20118	83
367	332	20133	86
367	366	19886	82
367	368	19913	82
367	402	20129	88
368	333	20085	97
368	367	19908	92
368	369	20128	86
368	403	20071	84
369	334	20098	99
369	368	20092	96
369	370	20077	94
369	404	19894	98
370	335	19843	93
370	369	19963	92
370	371	20189	94
370	405	19858	92
371	336	20163	86
371	370	19967	88
371	372	20011	92
371	406	19802	89
372	337	20131	85
372	371	20073	81
372	373	19875	95
372	407	20041	87
373	338	20100	100
373	372	19803	92
373	374	19873	87
373	408	19847	80
374	339	19939	92
374	373	19957	96
374	375	20066	85
374	409	20082	99
375	340	19892	86
375	374	20091	96
375	376	20034	99
375	410	19939	89
376	341	20039	93
376	375	20017	91
376	377	20071	87
376	411	19963	96
377	342	19811	91
377	376	20179	100
377	378	20150	100
377	412	20100	92
378	343	19934	98
378	377	19972	87
378	379	20167	85
378	413	20156	95
379	344	19844	95
379	378	20074	81
379	380	19969	100
379	414	19809	95
380	345	20165	88
380	379	19837	84
380	381	19891	84
380	415	19947	100
381	346	20071	87
381	380	19809	80
381	382	19901	95
381	416	20098	99
382	347	19955	89
382	381	20059	93
382	383	20078	85
382	417	20101	81
383	348	19988	83
383	382	19943	96
383	384	20127	97
383	418	19997	88
384	349	19818	86
384	383	20000	91
384	385	19847	92
384	419	19887	89
385	350	19987	99
385	384	20021	87
385	420	19865	94
386	351	20130	83
386	387	19906	95
386	421	19967	84
387	352	20145	97
387	386	20044	96
387	388	20180	94
387	422	20186	81
388	353	19987	82
388	387	19859	87
388	389	20111	92
388	423	20000	91
389	354	19831	82
389	388	20106	81
389	390	20178	85
389	424	19928	82
390	355	20177	93
390	389	19980	93
390	391	19918	97
390	425	20197	88
391	356	19921	83
391	390	20067	94
391	392	19815	100
391	426	20003	98
392	357	19850	91
392	391	20168	84
392	393	20007	86
392	427	19804	89
393	358	19971	86
393	392	20007	80
393	394	20028	91
393	428	19880	100
394	359	20016	96
394	393	19972	84
394	395	20001	89
394	429	19844	100
395	360	19821	100
395	394	20057	88
395	396	19880	100
395	430	19957	95
396	361	20091	93
396	395	20163	92
396	397	19972	93
396	431	20103	80
397	362	19878	85
397	396	19924	80
397	398	20138	86
397	432	20113	92
398	363	20062	91
398	397	20024	92
398	399	20090	91
398	433	20059	84
399	364	19964	98
399	398	19958	87
399	400	20200	98
399	434	19821	100
400	365	20002	95
400	399	19803	93
400	401	20026	80
400	435	20165	86
401	366	19896	98
401	400	20172	83
401	402	19972	86
401	436	19801	95
402	367	20135	97
402	401	19898	80
402	403	20100	85
402	437	19886	81
403	368	19831	97
403	402	20017	86
403	404	19892	87
403	438	20031	99
404	369	19848	91
404	403	20014	84
404	405	20189	88
404	439	20077	80
405	370	19952	82
405	404	20096	88
405	406	19910	86
405	440	20103	86
406	371	20056	96
406	405	19848	82
406	407	19971	87
406	441	20121	99
407	372	19910	100
407	406	19839	80
407	408	19811	96
407	442	19934	82
408	373	20116	98
408	407	20141	88
408	409	20134	96
408	443	19806	87
409	374	20009	83
409	408	19921	91
409	410	20095	93
409	444	20018	100
410	375	20090	97
410	409	20071	100
410	411	20122	89
410	445	19961	82
411	376	20148	83
411	410	19834	80
411	412	19802	87
411	446	20039	100
412	377	19962	80
412	411	20197	91
412	413	20038	97
412	447	19838	91
413	378	20111	96
413	412	19804	94
413	414	20088	91
413	448	19827	88
414	379	20199	85
414	413	20157	92
414	415	19898	80
414	449	20048	97
415	380	20002	80
415	414	19866	95
415	416	19951	84
415	450	19867	93
416	381	20065	82
416	415	19911	95
416	417	19828	95
416	451	19838	87
417	382	20038	93
417	416	20080	97
417	418	20111	100
417	452	20153	100
418	383	20088	80
418	417	20139	82
418	419	20022	83
418	453	19927	84
419	384	20085	83
419	418	19905	89
419	420	19832	95
419	454	20200	93
420	385	19873	100
420	419	20182	100
420	455	20035	80
421	386	20091	94
421	422	20151	100
421	456	19916	84
422	387	19903	96
422	421	20200	87
422	423	20063	95
422	457	19943	96
423	388	19844	100
423	422	19891	81
423	424	19820	91
423	458	19878	80
424	389	20161	98
424	423	20132	94
424	425	20057	95
424	459	20126	80
425	390	19842	84
425	424	20159	94
425	426	19846	89
425	460	19961	93
426	391	19969	98
426	425	20014	88
426	427	19873	80
426	461	20038	86
427	392	20192	87
427	426	20031	92
427	428	19889	84
427	462	19915	88
428	393	20043	86
428	427	20119	91
428	429	20159	80
428	463	20128	100
429	394	19932	94
429	428	19927	85
429	430	20004	91
429	464	20191	94
430	395	20027	80
430	429	19925	89
430	431	19963	96
430	465	20086	81
431	396	19822	94
431	430	20088	84
431	432	19881	88
431	466	19804	95
432	397	19822	92
432	431	19829	81
432	433	19841	98
432	467	20089	83
433	398	20145	91
433	432	19855	94
433	434	19836	93
433	468	20164	92
434	399	19860	95
434	433	20000	82
434	435	19925	99
434	469	19993	99
435	400	19864	93
435	434	20103	98
435	436	19946	87
435	470	20037	95
436	401	19932	94
436	435	19990	85
436	437	20136	93
436	471	20080	93
437	402	19920	100
437	436	20026	100
437	438	20141	86
437	472	20071	82
438	403	20165	93
438	437	19892	84
438	439	20147	98
438	473	20155	92
439	404	19880	100
439	438	19866	91
439	440	20040	80
439	474	20062	92
440	405	20148	95
440	439	19845	100
440	441	19899	89
440	475	20189	94
441	406	19948	85
441	440	19998	84
441	442	20147	82
441	476	20179	93
442	407	19807	92
442	441	19893	84
442	443	19864	95
442	477	20115	87
443	408	19906	86
443	442	19964	98
443	444	19980	92
443	478	20131	95
444	409	20035	96
444	443	20195	88
444	445	19857	82
444	479	19972	94
445	410	19824	81
445	444	19854	96
445	446	19969	98
445	480	19888	95
446	411	19863	88
446	445	19979	84
446	447	20004	91
446	481	20005	96
447	412	20107	96
447	446	20038	81
447	448	19890	96
447	482	19953	81
448	413	20195	86
448	447	20054	100
448	449	19855	94
448	483	19903	89
449	414	20096	83
449	448	20050	84
449	450	19855	99
449	484	19979	83
450	415	20076	85
450	449	20065	87
450	451	20046	93
450	485	20002	95
451	416	20023	97
451	450	19823	99
451	452	19852	80
451	486	20143	88
452	417	19923	88
452	451	20100	85
452	453	20113	100
452	487	20025	96
453	418	19911	84
453	452	20067	85
453	454	19835	87
453	488	20062	86
454	419	20103	94
454	453	19851	96
454	455	20060	82
454	489	20177	99
455	420	19825	85
455	454	19806	99
455	490	19959	85
456	421	20070	98
456	457	20054	93
456	491	20120	85
457	422	20068	92
457	456	20196	84
457	458	19873	99
457	492	19859	99
458	423	20174	96
458	457	20029	87
458	459	19966	98
458	493	19876	93
459	424	19965	91
459	458	19943	96
459	460	19958	83
459	494	19872	99
460	425	19960	94
460	459	20109	100
460	461	19809	99
460	495	20063	82
461	426	20032	91
461	460	19946	92
461	462	20083	89
461	496	20105	100
462	427	19820	99
462	461	19900	99
462	463	20103	87
462	497	20162	98
463	428	19975	100
463	462	19903	89
463	464	19997	88
463	498	19958	100
464	429	20115	93
464	463	19890	83
464	465	20053	86
464	499	19891	91
465	430	20035	82
465	464	19920	96
465	466	20199	84
465	500	20059	84
466	431	20056	96
466	465	20078	88
466	467	19817	97
466	501	20071	97
467	432	19852	96
467	466	20109	86
467	468	19892	80
467	502	19897	80
468	433	20041	95
468	467	20150	81
468	469	20139	95
468	503	19827	82
469	434	19880	83
469	468	20132	95
469	470	19880	95
469	504	20199	85
470	435	20147	83
470	469	19996	100
470	471	20123	91
470	505	20151	88
471	436	20151	92
471	470	19900	89
471	472	20022	97
471	506	20071	93
472	437	19964	98
472	471	20181	97
472	473	19959	89
472	507	19805	91
473	438	19990	83
473	472	19814	80
473	474	20035	82
473	508	20076	96
474	439	20191	80
474	473	19966	92
474	475	19803	87
474	509	19985	93
475	440	19876	98
475	474	20163	98
475	476	20043	99
475	510	20065	87
476	441	19968	81
476	475	20078	86
476	477	19998	84
476	511	20123	88
477	442	19860	87
477	476	20066	82
477	478	20079	85
477	512	20165	98
478	443	19971	89
478	477	19831	88
478	479	19855	88
478	513	20046	94
479	444	20125	98
479	478	19973	98
479	480	20138	88
479	514	20109	88
480	445	20047	94
480	479	20195	85
480	481	20177	89
480	515	20087	95
481	446	20105	96
481	480	20106	86
481	482	19976	98
481	516	20118	86
482	447	19804	95
482	481	20016	88
482	483	19939	98
482	517	19940	95
483	448	20144	83
483	482	20053	96
483	484	19866	82
483	518	20135	85
484	449	20152	81
484	483	20189	93
484	485	19910	95
484	519	19868	93
485	450	20112	96
485	484	19919	92
485	486	19895	80
485	520	19808	99
486	451	20189	91
486	485	20175	92
486	487	20032	86
486	521	19863	99
487	452	20172	95
487	486	19815	100
487	488	19817	85
487	522	20022	95
488	453	19844	87
488	487	20073	92
488	489	20148	86
488	523	19948	98
489	454	20090	92
489	488	20109	84
489	490	19856	80
489	524	19984	95
490	455	19860	97
490	489	19842	100
490	525	20075	81
491	456	20045	96
491	492	19899	87
491	526	20017	98
492	457	20055	86
492	491	19851	92
492	493	19941	96
492	527	20068	99
493	458	19834	95
493	492	20170	92
493	494	19916	87
493	528	20149	89
494	459	20181	91
494	493	20119	98
494	495	19834	85
494	529	19884	85
495	460	20024	96
495	494	19804	83
495	496	20105	97
495	530	19807	85
496	461	20173	85
496	495	20150	99
496	497	20172	88
496	531	20046	86
497	462	19950	97
497	496	19989	84
497	498	19991	92
497	532	19827	92
498	463	19945	86
498	497	19860	96
498	499	19862	87
498	533	19946	97
499	464	19900	95
499	498	20195	83
499	500	19922	100
499	534	20177	80
500	465	20140	100
500	499	20147	95
500	501	20022	88
500	535	20187	91
501	466	19968	82
501	500	19922	84
501	502	20086	93
501	536	19901	94
502	467	19826	96
502	501	20078	91
502	503	20076	86
502	537	19903	82
503	468	19838	85
503	502	19860	96
503	504	20074	87
503	538	19814	89
504	469	19954	85
504	503	20019	85
504	505	19987	87
504	539	20027	92
505	470	19901	87
505	504	20197	81
505	506	20194	96
505	540	19948	100
506	471	20153	87
506	505	19919	98
506	507	19847	80
506	541	20113	97
507	472	20139	88
507	506	20076	87
507	508	20133	81
507	542	20146	91
508	473	20089	99
508	507	19943	95
508	509	20019	80
508	543	19907	92
509	474	19949	88
509	508	19804	80
509	510	20177	85
509	544	19810	94
510	475	20159	87
510	509	19852	93
510	511	19824	99
510	545	20064	85
511	476	20118	96
511	510	19809	89
511	512	20167	89
511	546	19994	85
512	477	19947	91
512	511	19943	84
512	513	19980	96
512	547	20022	81
513	478	20154	82
513	512	19946	96
513	514	19819	93
513	548	19849	95
514	479	20026	86
514	513	19922	87
514	515	19992	81
514	549	19821	91
515	480	20156	95
515	514	19959	82
515	516	19988	85
515	550	19822	82
516	481	19907	88
516	515	20145	95
516	517	20091	96
516	551	19874	99
517	482	20047	85
517	516	19885	96
517	518	20078	99
517	552	19996	92
518	483	20143	97
518	517	19996	91
518	519	20121	88
518	553	19885	92
519	484	20147	88
519	518	20015	84
519	520	20008	100
519	554	19988	85
520	485	20177	86
520	519	19822	83
520	521	20181	95
520	555	20121	82
521	486	19900	87
521	520	19998	87
521	522	19928	94
521	556	19996	92
522	487	19948	96
522	521	20016	95
522	523	19812	82
522	557	19832	87
523	488	19952	85
523	522	19903	94
523	524	20081	92
523	558	20192	83
524	489	20039	82
524	523	20048	87
524	525	20138	92
524	559	20024	86
525	490	19974	93
525	524	20022	87
525	560	20017	97
526	491	20067	97
526	527	19982	88
526	561	19850	98
527	492	20152	85
527	526	20173	88
527	528	19844	84
527	562	19833	80
528	493	19960	80
528	527	20127	98
528	529	19905	83
528	563	19946	85
529	494	19958	80
529	528	20102	91
529	530	20170	82
529	564	20104	91
530	495	19915	100
530	529	19940	82
530	531	19939	88
530	565	19938	89
531	496	20159	91
531	530	20197	86
531	532	20165	95
531	566	20154	100
532	497	20142	84
532	531	20129	96
532	533	20164	86
532	567	20137	95
533	498	20196	97
533	532	19979	85
533	534	20078	92
533	568	19857	82
534	499	20162	100
534	533	19919	91
534	535	19915	81
534	569	19945	94
535	500	20036	87
535	534	19824	88
535	536	20167	98
535	570	20001	100
536	501	19923	87
536	535	19828	81
536	537	20031	97
536	571	20191	99
537	502	20015	81
537	536	19833	81
537	538	19829	93
537	572	19801	88
538	503	19917	95
538	537	19921	83
538	539	20058	98
538	573	19810	81
539	504	20021	95
539	538	19853	98
539	540	20071	94
539	574	19947	81
540	505	19842	87
540	539	19996	80
540	541	20000	98
540	575	20079	93
541	506	20038	97
541	540	19848	87
541	542	20143	86
541	576	20021	87
542	507	19814	92
542	541	20135	86
542	543	19819	92
542	577	19997	96
543	508	20033	81
543	542	19817	93
543	544	19910	98
543	578	19849	80
544	509	20135	89
544	543	19997	85
544	545	19891	86
544	579	20021	91
545	510	19995	93
545	544	20066	95
545	546	19981	95
545	580	20012	87
546	511	20005	92
546	545	20066	95
546	547	20002	85
546	581	20144	100
547	512	20125	97
547	546	19827	92
547	548	19983	100
547	582	19903	84
548	513	19986	88
548	547	20040	97
548	549	20103	92
548	583	19934	100
549	514	19975	80
549	548	19830	86
549	550	20192	91
549	584	20133	91
550	515	19815	97
550	549	19986	95
550	551	20011	84
550	585	20112	81
551	516	20136	88
551	550	20024	89
551	552	20105	88
551	586	20091	89
552	517	19972	83
552	551	19826	87
552	553	20060	87
552	587	20086	96
553	518	20077	92
553	552	20042	81
553	554	19967	81
553	588	19851	84
554	519	20189	85
554	553	19988	84
554	555	19904	84
554	589	19837	83
555	520	20136	82
555	554	20030	92
555	556	20053	89
555	590	20031	89
556	521	20118	100
556	555	19999	89
556	557	19866	91
556	591	20145	80
557	522	20056	86
557	556	19809	80
557	558	20086	87
557	592	19999	99
558	523	20143	99
558	557	19831	86
558	559	20042	88
558	593	19979	87
559	524	20079	85
559	558	19999	81
559	560	20021	83
559	594	20030	92
560	525	19944	94
560	559	19996	84
560	595	19950	100
561	526	19827	82
561	562	20179	81
561	596	19891	92
562	527	20168	100
562	561	19817	84
562	563	20014	91
562	597	19992	85
563	528	19936	83
563	562	20174	96
563	564	19854	95
563	598	20064	95
564	529	19868	91
564	563	20128	99
564	565	20119	97
564	599	19897	98
565	530	19920	85
565	564	19946	80
565	566	20068	88
565	600	20157	85
566	531	19923	82
566	565	20012	91
566	567	19913	96
566	601	19915	100
567	532	19901	87
567	566	20080	80
567	568	20133	99
567	602	20189	80
568	533	19967	97
568	567	19956	99
568	569	20104	98
568	603	19874	88
569	534	19810	96
569	568	19868	85
569	570	19955	85
569	604	19829	85
570	535	19999	100
570	569	20198	81
570	571	20167	94
570	605	19865	94
571	536	19905	100
571	570	20030	87
571	572	20020	91
571	606	20017	94
572	537	20055	87
572	571	20179	96
572	573	19808	87
572	607	20044	93
573	538	20132	97
573	572	20156	100
573	574	19932	80
573	608	20134	91
574	539	20037	93
574	573	19953	91
574	575	20178	92
574	609	19972	91
575	540	20018	83
575	574	20081	93
575	576	19905	99
575	610	19923	84
576	541	20086	86
576	575	19948	87
576	577	20037	85
576	611	19915	94
577	542	19926	84
577	576	20024	81
577	578	19998	97
577	612	20158	82
578	543	19914	89
578	577	19867	88
578	579	20069	87
578	613	20085	98
579	544	20060	83
579	578	19865	99
579	580	19909	85
579	614	20063	97
580	545	19877	80
580	579	19953	93
580	581	20142	91
580	615	19839	91
581	546	20009	80
581	580	19983	89
581	582	20111	85
581	616	19888	87
582	547	19801	86
582	581	20191	97
582	583	19931	98
582	617	20022	96
583	548	20055	86
583	582	20037	97
583	584	19940	83
583	618	19823	89
584	549	19961	89
584	583	19870	97
584	585	20071	80
584	619	20062	98
585	550	19824	96
585	584	20096	88
585	586	19838	96
585	620	20070	80
586	551	19805	92
586	585	19888	82
586	587	19879	96
586	621	19817	91
587	552	19882	96
587	586	20127	96
587	588	20137	92
587	622	20067	84
588	553	20035	88
588	587	19811	99
588	589	20015	91
588	623	20170	96
589	554	19893	84
589	588	19822	84
589	590	20003	95
589	624	20054	80
590	555	20026	86
590	589	20082	97
590	591	20098	100
590	625	19974	87
591	556	20117	97
591	590	19988	89
591	592	20123	92
591	626	20193	95
592	557	19811	85
592	591	20176	95
592	593	20066	93
592	627	20145	82
593	558	19864	98
593	592	19873	82
593	594	19941	80
593	628	20044	88
594	559	19801	89
594	593	19910	97
594	595	20094	93
594	629	20113	86
595	560	20093	82
595	594	20051	84
595	630	19854	87
596	561	19978	82
596	597	19867	98
596	631	19900	99
597	562	19858	83
597	596	19810	87
597	598	20164	83
597	632	20056	91
598	563	19944	97
598	597	20153	83
598	599	20160	96
598	633	19969	94
599	564	19945	80
599	598	20023	89
599	600	19943	95
599	634	19966	86
600	565	20072	98
600	599	19829	93
600	601	20093	84
600	635	19906	94
601	566	19823	91
601	600	19882	97
601	602	20047	85
601	636	19931	86
602	567	20113	94
602	601	19846	92
602	603	19869	85
602	637	20170	97
603	568	19949	88
603	602	19911	88
603	604	19852	84
603	638	20060	83
604	569	19950	85
604	603	19835	85
604	605	20148	85
604	639	20153	96
605	570	20039	86
605	604	19820	85
605	606	20042	99
605	640	19854	95
606	571	20008	87
606	605	20196	92
606	607	19887	99
606	641	19983	100
607	572	19876	84
607	606	19853	96
607	608	20110	97
607	642	19986	81
608	573	19946	93
608	607	20013	87
608	609	19903	100
608	643	19887	85
609	574	19879	86
609	608	20078	80
609	610	20008	83
609	644	20034	100
610	575	19896	82
610	609	20129	91
610	611	19811	83
610	645	19893	92
611	576	19816	84
611	610	20040	84
611	612	19955	98
611	646	20167	97
612	577	19851	100
612	611	20163	94
612	613	19894	99
612	647	19891	89
613	578	20065	84
613	612	19950	96
613	614	19981	100
613	648	19975	98
614	579	20005	100
614	613	19879	89
614	615	19930	86
614	649	20043	92
615	580	19831	88
615	614	19834	96
615	616	20033	99
615	650	20053	91
616	581	20040	86
616	615	20113	99
616	617	20172	92
616	651	19935	96
617	582	19911	87
617	616	19826	100
617	618	19824	85
617	652	19933	97
618	583	20170	98
618	617	20035	95
618	619	20071	93
618	653	20090	95
619	584	20004	84
619	618	20014	83
619	620	20037	85
619	654	19967	83
620	585	19922	83
620	619	19974	85
620	621	19953	94
620	655	19825	88
621	586	20180	100
621	620	19836	99
621	622	20075	96
621	656	19962	89
622	587	19884	94
622	621	20189	100
622	623	20050	83
622	657	19854	97
623	588	20089	99
623	622	19825	83
623	624	19965	83
623	658	20158	84
624	589	19988	93
624	623	19986	80
624	625	20069	85
624	659	20053	87
625	590	19930	80
625	624	20105	81
625	626	20004	88
625	660	20166	97
626	591	19951	85
626	625	19992	85
626	627	20126	88
626	661	19963	86
627	592	19960	95
627	626	20034	99
627	628	20167	89
627	662	19848	98
628	593	19864	89
628	627	19970	86
628	629	19816	88
628	663	20050	88
629	594	20165	89
629	628	19801	98
629	630	20054	91
629	664	20149	81
630	595	20132	87
630	629	20197	86
630	665	19845	85
631	596	20110	96
631	632	20065	89
631	666	19972	97
632	597	20195	87
632	631	19882	88
632	633	19960	83
632	667	19977	81
633	598	19803	91
633	632	20031	91
633	634	19886	96
633	668	20184	92
634	599	19898	97
634	633	20061	97
634	635	19995	98
634	669	20116	97
635	600	20093	97
635	634	20098	85
635	636	19870	97
635	670	20191	93
636	601	20054	95
636	635	20182	97
636	637	19917	93
636	671	20139	89
637	602	20007	85
637	636	20050	93
637	638	20139	99
637	672	20058	86
638	603	20086	84
638	637	20055	80
638	639	20171	94
638	673	19863	100
639	604	19949	92
639	638	20092	100
639	640	19912	88
639	674	19908	89
640	605	19851	91
640	639	19991	92
640	641	19863	99
640	675	20117	86
641	606	19817	80
641	640	19847	98
641	642	20067	86
641	676	20018	99
642	607	20094	88
642	641	20131	85
642	643	19995	99
642	677	19811	80
643	608	19927	94
643	642	20069	88
643	644	19853	98
643	678	20061	99
644	609	19846	84
644	643	20130	100
644	645	20057	98
644	679	20155	93
645	610	20089	92
645	644	19898	95
645	646	20159	92
645	680	19904	100
646	611	19977	85
646	645	19989	92
646	647	19963	81
646	681	20035	91
647	612	20035	91
647	646	20068	85
647	648	20122	83
647	682	19954	96
648	613	20099	99
648	647	20040	97
648	649	20143	100
648	683	20126	84
649	614	19994	91
649	648	20066	92
649	650	19899	80
649	684	19849	94
650	615	20016	88
650	649	20077	100
650	651	20179	100
650	685	20168	100
651	616	19819	89
651	650	20039	96
651	652	19971	92
651	686	19909	82
652	617	20125	100
652	651	20040	84
652	653	19998	81
652	687	20183	82
653	618	19865	89
653	652	19852	93
653	654	19818	81
653	688	20127	98
654	619	19970	87
654	653	19845	96
654	655	20006	86
654	689	20047	86
655	620	20014	92
655	654	20095	96
655	656	19923	94
655	690	19917	97
656	621	20140	98
656	655	19970	94
656	657	20182	86
656	691	19810	94
657	622	20053	91
657	656	19842	81
657	658	19943	99
657	692	19808	82
658	623	19925	85
658	657	19988	95
658	659	20115	95
658	693	19966	96
659	624	20198	86
659	658	19958	94
659	660	19820	96
659	694	19887	92
660	625	19913	95
660	659	19847	82
660	661	19991	96
660	695	20072	91
661	626	20172	98
661	660	19959	89
661	662	19847	92
661	696	19801	80
662	627	19945	91
662	661	19905	85
662	663	20136	86
662	697	20122	91
663	628	20034	97
663	662	20015	94
663	664	20079	82
663	698	19895	80
664	629	20014	86
664	663	20111	100
664	665	19903	87
664	699	19863	81
665	630	19952	84
665	664	20113	89
665	700	19900	96
666	631	19911	92
666	667	20120	86
666	701	19940	95
667	632	19908	96
667	666	20070	93
667	668	20130	84
667	702	19963	91
668	633	20135	81
668	667	20035	99
668	669	19868	93
668	703	19876	98
669	634	20027	89
669	668	20160	89
669	670	20086	98
669	704	20052	80
670	635	20116	92
670	669	19886	97
670	671	19820	87
670	705	20040	85
671	636	19928	98
671	670	20169	81
671	672	20079	88
671	706	19860	98
672	637	20095	98
672	671	19870	99
672	673	20200	94
672	707	19980	85
673	638	20161	86
673	672	19868	98
673	674	19884	81
673	708	20009	85
674	639	19807	99
674	673	20066	99
674	675	20140	93
674	709	19998	85
675	640	19801	91
675	674	19835	99
675	676	20119	100
675	710	19978	100
676	641	19987	81
676	675	19879	91
676	677	19887	82
676	711	20036	87
677	642	19832	85
677	676	20073	87
677	678	20120	95
677	712	20155	96
678	643	20031	92
678	677	20033	80
678	679	19952	95
678	713	20107	94
679	644	19891	91
679	678	20186	81
679	680	19973	85
679	714	19848	93
680	645	19811	93
680	679	20112	81
680	681	20011	91
680	715	19880	91
681	646	19953	80
681	680	19893	91
681	682	19883	94
681	716	20045	99
682	647	20040	95
682	681	20063	82
682	683	19957	91
682	717	19811	86
683	648	20172	87
683	682	19901	81
683	684	20107	83
683	718	20116	100
684	649	19986	86
684	683	20035	96
684	685	19903	99
684	719	19825	100
685	650	20070	95
685	684	19924	86
685	686	19826	99
685	720	20075	84
686	651	20135	94
686	685	20176	100
686	687	19932	81
686	721	19952	89
687	652	19875	96
687	686	19858	97
687	688	20175	80
687	722	19986	87
688	653	19805	86
688	687	19981	85
688	689	20000	82
688	723	20105	92
689	654	20011	89
689	688	20095	84
689	690	19818	80
689	724	20123	83
690	655	20111	86
690	689	19984	100
690	691	19984	89
690	725	19820	86
691	656	19939	92
691	690	20197	80
691	692	19873	84
691	726	19876	84
692	657	19879	96
692	691	19803	87
692	693	19888	98
692	727	19930	100
693	658	19942	88
693	692	19914	81
693	694	20192	89
693	728	19809	100
694	659	20110	94
694	693	20141	97
694	695	20193	82
694	729	19806	99
695	660	19865	99
695	694	20158	94
695	696	20184	89
695	730	20066	83
696	661	20193	80
696	695	19922	91
696	697	19957	84
696	731	20133	86
697	662	20007	91
697	696	19919	92
697	698	20196	83
697	732	19934	98
698	663	19870	84
698	697	20195	84
698	699	19869	98
698	733	20050	83
699	664	20158	92
699	698	19939	85
699	700	19833	86
699	734	20146	86
700	665	20151	96
700	699	19975	93
700	735	19850	80
701	666	19823	84
701	702	19987	85
701	736	19930	85
702	667	20043	80
702	701	19941	99
702	703	19975	83
702	737	20038	91
703	668	20001	80
703	702	19890	89
703	704	19985	87
703	738	20144	94
704	669	20135	81
704	703	20070	93
704	705	19829	86
704	739	19868	89
705	670	20110	96
705	704	19832	96
705	706	20147	92
705	740	20096	95
706	671	20161	93
706	705	20156	89
706	707	19905	91
706	741	20153	96
707	672	20101	91
707	706	20114	80
707	708	20020	85
707	742	20031	87
708	673	19842	98
708	707	20001	94
708	709	20023	97
708	743	20026	93
709	674	19835	93
709	708	20166	88
709	710	20084	82
709	744	19947	94
710	675	20043	88
710	709	20043	81
710	711	20087	81
710	745	19867	93
711	676	19862	95
711	710	20011	85
711	712	20096	81
711	746	20165	81
712	677	20000	96
712	711	20165	96
712	713	19902	81
712	747	20041	83
713	678	19924	93
713	712	19855	99
713	714	19978	91
713	748	19845	85
714	679	19896	95
714	713	20053	80
714	715	19941	88
714	749	19999	81
715	680	20003	86
715	714	20016	82
715	716	20055	81
715	750	19864	85
716	681	19991	91
716	715	19902	94
716	717	19855	91
716	751	20122	91
717	682	19927	80
717	716	20005	94
717	718	19844	89
717	752	20030	95
718	683	19893	93
718	717	19874	93
718	719	19938	82
718	753	19913	89
719	684	19920	82
719	718	19965	98
719	720	20196	91
719	754	19855	93
720	685	19989	100
720	719	19909	84
720	721	19942	98
720	755	20148	86
721	686	20100	84
721	720	20045	85
721	722	19982	80
721	756	20074	96
722	687	19821	96
722	721	19879	81
722	723	20041	80
722	757	20165	94
723	688	20137	91
723	722	20142	93
723	724	20130	96
723	758	20117	80
724	689	19808	98
724	723	20099	99
724	725	19944	87
724	759	19914	96
725	690	19848	84
725	724	19978	92
725	726	19821	82
725	760	19928	98
726	691	19931	97
726	725	20180	93
726	727	20161	89
726	761	19952	95
727	692	19954	96
727	726	19933	88
727	728	20023	80
727	762	20136	95
728	693	20151	83
728	727	19844	86
728	729	19814	96
728	763	20185	94
729	694	20179	97
729	728	19831	100
729	730	19979	81
729	764	20175	98
730	695	20192	99
730	729	20075	96
730	731	19804	80
730	765	20167	89
731	696	19902	92
731	730	20070	96
731	732	19850	96
731	766	19955	83
732	697	19861	100
732	731	19829	88
732	733	20125	82
732	767	20142	96
733	698	20156	91
733	732	19906	97
733	734	19903	87
733	768	19879	89
734	699	19933	95
734	733	19896	84
734	735	20124	82
734	769	20044	93
735	700	20184	91
735	734	20086	81
735	770	19848	93
736	701	20019	80
736	737	19971	94
736	771	19901	86
737	702	20121	82
737	736	20036	99
737	738	20139	93
737	772	19830	80
738	703	19928	88
738	737	20032	94
738	739	19904	83
738	773	20067	97
739	704	19969	96
739	738	19810	82
739	740	19935	89
739	774	20163	89
740	705	20158	93
740	739	19832	85
740	741	20154	85
740	775	20118	93
741	706	20168	92
741	740	19833	83
741	742	19846	97
741	776	20001	92
742	707	20118	86
742	741	19809	84
742	743	19913	99
742	777	20144	97
743	708	19933	81
743	742	20138	85
743	744	20064	83
743	778	20181	95
744	709	20083	94
744	743	19801	84
744	745	19971	85
744	779	20200	91
745	710	19804	92
745	744	19871	88
745	746	19994	88
745	780	19845	96
746	711	19923	99
746	745	20014	85
746	747	20089	99
746	781	19871	98
747	712	20009	94
747	746	19989	93
747	748	20110	87
747	782	19972	86
748	713	20134	82
748	747	19890	95
748	749	20127	94
748	783	20178	83
749	714	20185	88
749	748	19902	83
749	750	19954	80
749	784	20061	87
750	715	19828	92
750	749	20131	82
750	751	20121	82
750	785	19831	81
751	716	20033	95
751	750	20070	81
751	752	19888	92
751	786	19964	83
752	717	20078	91
752	751	19867	96
752	753	20112	92
752	787	19845	94
753	718	20141	95
753	752	20148	85
753	754	20197	83
753	788	20071	99
754	719	20199	81
754	753	20176	88
754	755	20117	94
754	789	20091	98
755	720	20139	80
755	754	19882	85
755	756	19940	98
755	790	19837	86
756	721	20193	80
756	755	19956	91
756	757	19860	91
756	791	19807	100
757	722	19821	96
757	756	19950	93
757	758	19949	81
757	792	19871	82
758	723	20136	100
758	757	20145	97
758	759	19846	80
758	793	20055	92
759	724	20005	83
759	758	19965	89
759	760	19986	82
759	794	19967	95
760	725	20117	81
760	759	19888	100
760	761	20192	84
760	795	20130	89
761	726	19947	94
761	760	20015	80
761	762	20038	85
761	796	19884	87
762	727	19925	88
762	761	19864	95
762	763	19995	98
762	797	19916	83
763	728	20107	89
763	762	20157	88
763	764	20173	100
763	798	20083	88
764	729	20092	99
764	763	19948	95
764	765	20069	93
764	799	20194	87
765	730	19862	93
765	764	19868	100
765	766	20142	96
765	800	20005	83
766	731	19882	91
766	765	20039	91
766	767	19814	81
766	801	20101	88
767	732	20167	99
767	766	19835	91
767	768	19926	81
767	802	19910	80
768	733	19824	99
768	767	20026	100
768	769	19845	97
768	803	20137	98
769	734	19977	80
769	768	20103	84
769	770	20043	86
769	804	19853	87
770	735	20009	82
770	769	20109	84
770	805	19968	96
771	736	19924	99
771	772	20003	97
771	806	20170	91
772	737	19997	85
772	771	19824	99
772	773	20123	95
772	807	19869	88
773	738	20109	94
773	772	19912	86
773	774	19828	93
773	808	19831	84
774	739	20077	81
774	773	19823	100
774	775	20040	82
774	809	20089	98
775	740	20188	88
775	774	19838	93
775	776	19977	95
775	810	19977	95
776	741	20114	94
776	775	19900	84
776	777	20160	97
776	811	20127	87
777	742	20144	89
777	776	19933	96
777	778	20121	93
777	812	20133	83
778	743	19979	97
778	777	20132	99
778	779	19896	92
778	813	20030	88
779	744	20118	93
779	778	20081	96
779	780	19849	95
779	814	19963	82
780	745	19835	92
780	779	20162	92
780	781	19915	87
780	815	19809	91
781	746	19971	94
781	780	20125	98
781	782	19981	96
781	816	19906	95
782	747	20139	84
782	781	19874	86
782	783	20127	83
782	817	19858	87
783	748	20168	100
783	782	20127	96
783	784	20027	99
783	818	20178	80
784	749	20193	86
784	783	20032	81
784	785	19825	83
784	819	20126	92
785	750	20001	97
785	784	20175	94
785	786	19806	94
785	820	20115	89
786	751	20047	91
786	785	20063	99
786	787	19970	87
786	821	20034	96
787	752	19964	99
787	786	20139	81
787	788	20011	83
787	822	19866	88
788	753	20150	96
788	787	20185	98
788	789	20036	94
788	823	19947	98
789	754	19884	95
789	788	20182	98
789	790	20116	86
789	824	20043	86
790	755	19949	88
790	789	19892	85
790	791	20193	87
790	825	20196	96
791	756	19994	85
791	790	20015	80
791	792	20049	84
791	826	20113	87
792	757	19844	85
792	791	19990	82
792	793	20053	96
792	827	20046	94
793	758	20161	82
793	792	20106	99
793	794	20000	85
793	828	19943	80
794	759	20088	96
794	793	20175	82
794	795	19951	98
794	829	19815	86
795	760	20063	97
795	794	20039	95
795	796	19986	94
795	830	20097	98
796	761	19840	87
796	795	20169	95
796	797	19990	93
796	831	20150	92
797	762	19914	96
797	796	20020	85
797	798	19968	100
797	832	20083	98
798	763	19965	88
798	797	20002	100
798	799	20028	86
798	833	20042	92
799	764	20141	83
799	798	19934	80
799	800	20112	86
799	834	20142	80
800	765	19983	96
800	799	19843	93
800	801	19818	89
800	835	19996	100
801	766	20012	83
801	800	19957	86
801	802	20004	81
801	836	19801	86
802	767	19979	85
802	801	20185	80
802	803	20096	81
802	837	19956	81
803	768	20011	85
803	802	19909	98
803	804	20014	83
803	838	19962	93
804	769	19844	86
804	803	19979	84
804	805	19819	86
804	839	19972	84
805	770	19965	87
805	804	20164	84
805	840	20010	97
806	771	20152	89
806	807	19884	84
806	841	19913	92
807	772	19958	83
807	806	20020	99
807	808	20122	94
807	842	20108	80
808	773	19823	80
808	807	20115	82
808	809	19969	82
808	843	20048	97
809	774	19832	100
809	808	20174	83
809	810	19975	96
809	844	20147	80
810	775	19860	100
810	809	20160	92
810	811	20034	85
810	845	20198	88
811	776	20002	94
811	810	19925	96
811	812	20039	100
811	846	20063	82
812	777	19868	80
812	811	19853	88
812	813	19934	87
812	847	19866	94
813	778	20105	95
813	812	19852	100
813	814	20180	87
813	848	20126	86
814	779	19850	89
814	813	19865	82
814	815	19839	82
814	849	20124	87
815	780	20048	91
815	814	20043	80
815	816	20089	93
815	850	20144	98
816	781	19925	87
816	815	20168	91
816	817	19992	96
816	851	19850	95
817	782	20143	100
817	816	20064	95
817	818	19910	95
817	852	20081	85
818	783	19946	94
818	817	20178	93
818	819	19807	85
818	853	19904	88
819	784	19801	81
819	818	20079	84
819	820	19817	82
819	854	19806	95
820	785	20063	97
820	819	20049	89
820	821	19923	84
820	855	20067	85
821	786	19963	80
821	820	19921	84
821	822	20136	100
821	856	20005	91
822	787	19835	96
822	821	19924	93
822	823	20001	86
822	857	19921	82
823	788	20098	86
823	822	20113	85
823	824	20030	82
823	858	19840	92
824	789	19899	92
824	823	19925	97
824	825	19884	89
824	859	20083	87
825	790	20137	95
825	824	20039	100
825	826	19917	88
825	860	20153	86
826	791	20177	96
826	825	20100	98
826	827	20087	80
826	861	20185	93
827	792	20163	92
827	826	20062	85
827	828	20052	87
827	862	19826	86
828	793	19847	88
828	827	19919	95
828	829	20059	85
828	863	20011	97
829	794	19849	80
829	828	19993	87
829	830	20051	96
829	864	20090	83
830	795	19851	82
830	829	20119	91
830	831	20180	85
830	865	20177	85
831	796	20049	100
831	830	19918	95
831	832	20170	86
831	866	19979	84
832	797	19965	97
832	831	20098	99
832	833	19912	94
832	867	19965	89
833	798	20138	89
833	832	20160	94
833	834	19929	85
833	868	20144	80
834	799	20008	92
834	833	20061	94
834	835	20102	85
834	869	19906	98
835	800	19897	99
835	834	20006	93
835	836	20088	81
835	870	19802	98
836	801	20008	88
836	835	19919	100
836	837	19831	93
836	871	19910	89
837	802	19954	91
837	836	19973	87
837	838	19978	87
837	872	20054	83
838	803	20119	96
838	837	20126	94
838	839	19822	95
838	873	20152	87
839	804	19977	97
839	838	20031	99
839	840	20173	88
839	874	19934	91
840	805	19878	81
840	839	20084	92
840	875	19983	91
841	806	19906	91
841	842	19806	94
841	876	20172	80
842	807	20119	98
842	841	20022	88
842	843	20028	92
842	877	20081	80
843	808	19916	93
843	842	19922	92
843	844	19947	94
843	878	20130	95
844	809	19909	84
844	843	20000	83
844	845	20072	92
844	879	19989	80
845	810	19962	98
845	844	19965	99
845	846	19810	95
845	880	19852	85
846	811	19810	89
846	845	20160	94
846	847	19998	84
846	881	19911	97
847	812	20010	89
847	846	19895	94
847	848	20096	100
847	882	19918	99
848	813	19941	88
848	847	20063	97
848	849	20134	92
848	883	19972	91
849	814	20040	88
849	848	19899	95
849	850	20140	87
849	884	19912	99
850	815	20098	85
850	849	19943	84
850	851	19965	93
850	885	20068	86
851	816	20032	84
851	850	19875	93
851	852	20197	93
851	886	19941	89
852	817	20132	94
852	851	20071	98
852	853	19901	88
852	887	19962	81
853	818	20014	88
853	852	19966	95
853	854	19882	80
853	888	20108	81
854	819	20074	96
854	853	20058	98
854	855	19986	100
854	889	20125	92
855	820	19864	87
855	854	19840	87
855	856	19958	91
855	890	19927	92
856	821	20010	86
856	855	20112	99
856	857	19962	82
856	891	20134	80
857	822	20062	99
857	856	19926	91
857	858	19877	95
857	892	20101	86
858	823	20114	99
858	857	19851	96
858	859	19886	84
858	893	19819	85
859	824	20190	88
859	858	20194	92
859	860	19868	100
859	894	19834	84
860	825	20017	91
860	859	19857	96
860	861	20096	81
860	895	19954	89
861	826	19987	97
861	860	20089	98
861	862	19976	89
861	896	20107	93
862	827	19937	84
862	861	19984	83
862	863	20116	96
862	897	20107	91
863	828	20145	95
863	862	20013	85
863	864	20051	95
863	898	20098	99
864	829	19958	95
864	863	20017	80
864	865	20131	91
864	899	20032	93
865	830	20069	97
865	864	19960	94
865	866	19889	91
865	900	19949	84
866	831	19851	89
866	865	19877	94
866	867	20194	100
866	901	19815	81
867	832	20168	92
867	866	20097	89
867	868	19916	84
867	902	19889	97
868	833	19856	86
868	867	20186	92
868	869	19993	94
868	903	19971	80
869	834	19916	93
869	868	20097	85
869	870	20034	83
869	904	20104	98
870	835	20004	95
870	869	19964	84
870	871	19962	96
870	905	19886	82
871	836	20049	85
871	870	20022	81
871	872	19804	96
871	906	20155	82
872	837	19997	80
872	871	19897	91
872	873	20149	96
872	907	19815	86
873	838	20115	98
873	872	19955	97
873	874	19988	80
873	908	19954	82
874	839	20033	82
874	873	19939	98
874	875	20030	82
874	909	20029	87
875	840	20180	80
875	874	19987	94
875	910	19838	96
876	841	19877	80
876	877	20183	97
876	911	20071	95
877	842	20068	96
877	876	19905	100
877	878	19877	91
877	912	20141	98
878	843	20136	86
878	877	20038	80
878	879	19916	83
878	913	19810	84
879	844	19832	92
879	878	20174	94
879	880	20008	86
879	914	19866	95
880	845	19978	88
880	879	19912	81
880	881	20179	87
880	915	20064	98
881	846	19859	100
881	880	19920	95
881	882	19894	87
881	916	19859	91
882	847	20122	96
882	881	19900	98
882	883	20020	99
882	917	20144	86
883	848	20071	92
883	882	19918	84
883	884	20079	93
883	918	19856	98
884	849	20066	91
884	883	20053	92
884	885	20167	93
884	919	19918	92
885	850	19933	83
885	884	19936	93
885	886	19981	95
885	920	19962	89
886	851	20098	85
886	885	19940	91
886	887	19952	93
886	921	19921	84
887	852	19973	84
887	886	19976	88
887	888	20094	84
887	922	19931	96
888	853	19878	98
888	887	20069	83
888	889	19992	82
888	923	19812	97
889	854	19843	98
889	888	19870	100
889	890	19936	100
889	924	20003	91
890	855	19977	82
890	889	20061	80
890	891	19810	100
890	925	19983	87
891	856	20133	85
891	890	20029	88
891	892	20155	88
891	926	20085	92
892	857	19972	80
892	891	19963	83
892	893	20015	96
892	927	19915	85
893	858	19939	100
893	892	20133	88
893	894	19978	87
893	928	20084	99
894	859	19877	83
894	893	19924	95
894	895	19829	86
894	929	20085	93
895	860	20170	93
895	894	20179	91
895	896	20016	82
895	930	20189	83
896	861	20141	95
896	895	19814	94
896	897	19961	95
896	931	19827	82
897	862	19818	100
897	896	19877	91
897	898	20009	97
897	932	19906	93
898	863	20177	92
898	897	19995	88
898	899	20037	95
898	933	19940	85
899	864	19970	89
899	898	19994	80
899	900	19934	93
899	934	19839	97
900	865	19861	96
900	899	20037	88
900	901	20171	86
900	935	20040	86
901	866	19973	83
901	900	20050	80
901	902	20055	98
901	936	19821	99
902	867	19964	93
902	901	20195	86
902	903	19900	98
902	937	19876	100
903	868	20145	83
903	902	19961	95
903	904	19920	93
903	938	19803	95
904	869	19944	82
904	903	20023	85
904	905	20050	93
904	939	20180	88
905	870	19842	86
905	904	20040	91
905	906	19919	99
905	940	19878	83
906	871	19883	100
906	905	20150	85
906	907	19974	97
906	941	19881	81
907	872	20073	97
907	906	20135	94
907	908	20183	92
907	942	19873	85
908	873	20181	82
908	907	19996	100
908	909	20119	84
908	943	20060	82
909	874	19860	94
909	908	19929	99
909	910	20035	94
909	944	20076	93
910	875	20189	85
910	909	19843	89
910	945	19956	92
911	876	19856	82
911	912	19957	95
911	946	19987	92
912	877	19989	95
912	911	19918	80
912	913	19801	88
912	947	20058	99
913	878	20061	91
913	912	19929	93
913	914	19908	80
913	948	19944	91
914	879	19909	87
914	913	19812	93
914	915	19994	100
914	949	19861	82
915	880	19933	96
915	914	19863	97
915	916	20069	98
915	950	19859	100
916	881	20104	92
916	915	20130	87
916	917	19914	91
916	951	20045	98
917	882	19977	91
917	916	19926	80
917	918	20163	85
917	952	19902	100
918	883	20180	99
918	917	20136	92
918	919	20119	96
918	953	20048	97
919	884	20028	88
919	918	19976	86
919	920	20003	92
919	954	20008	95
920	885	20046	89
920	919	20073	92
920	921	19965	87
920	955	20171	91
921	886	20030	95
921	920	19922	83
921	922	19949	82
921	956	19865	87
922	887	19860	97
922	921	19992	95
922	923	19945	96
922	957	20151	88
923	888	20059	94
923	922	20130	88
923	924	19924	91
923	958	20062	93
924	889	20136	84
924	923	20138	98
924	925	20180	98
924	959	20080	82
925	890	20102	88
925	924	20179	94
925	926	20183	97
925	960	19986	84
926	891	19991	84
926	925	20078	100
926	927	19859	81
926	961	20075	84
927	892	19982	91
927	926	19972	86
927	928	19818	83
927	962	20065	93
928	893	19948	87
928	927	20189	96
928	929	20023	96
928	963	19898	80
929	894	19835	81
929	928	19993	92
929	930	19831	99
929	964	19963	81
930	895	20090	83
930	929	19887	98
930	931	20109	96
930	965	20129	95
931	896	19940	98
931	930	19912	91
931	932	19942	94
931	966	19929	100
932	897	19957	95
932	931	19814	100
932	933	19838	95
932	967	20081	84
933	898	19890	85
933	932	19947	97
933	934	19955	84
933	968	20086	97
934	899	19803	100
934	933	19965	95
934	935	20051	88
934	969	20078	84
935	900	19920	87
935	934	20170	81
935	936	20074	81
935	970	20084	96
936	901	19992	97
936	935	20176	82
936	937	20104	88
936	971	20066	80
937	902	19989	97
937	936	20162	83
937	938	20163	98
937	972	19888	100
938	903	20153	99
938	937	20155	89
938	939	20199	84
938	973	20192	84
939	904	20197	86
939	938	19828	89
939	940	19963	97
939	974	20129	93
940	905	20082	98
940	939	19863	80
940	941	19882	85
940	975	20119	86
941	906	20172	89
941	940	20145	83
941	942	19857	92
941	976	19995	86
942	907	19991	99
942	941	19849	86
942	943	19876	97
942	977	19898	92
943	908	20186	96
943	942	19880	81
943	944	20180	95
943	978	19880	93
944	909	20111	80
944	943	19934	95
944	945	20070	96
944	979	19987	99
945	910	20042	91
945	944	19840	96
945	980	19887	96
946	911	19976	84
946	947	20044	93
946	981	19841	88
947	912	20063	82
947	946	20026	87
947	948	20091	83
947	982	19883	85
948	913	20166	80
948	947	20021	81
948	949	19863	91
948	983	20177	86
949	914	19847	99
949	948	19949	82
949	950	20018	91
949	984	19877	84
950	915	20199	89
950	949	20193	82
950	951	20167	84
950	985	20170	80
951	916	19850	85
951	950	19863	92
951	952	20158	92
951	986	19804	91
952	917	19883	82
952	951	19954	94
952	953	19877	85
952	987	20148	98
953	918	19924	89
953	952	19863	88
953	954	20182	80
953	988	19823	87
954	919	19885	99
954	953	20050	83
954	955	20192	94
954	989	19977	86
955	920	20086	99
955	954	19802	84
955	956	19920	89
955	990	19872	92
956	921	19865	87
956	955	20050	100
956	957	19891	87
956	991	19834	84
957	922	19801	80
957	956	19817	82
957	958	19935	96
957	992	20032	84
958	923	20033	84
958	957	19847	81
958	959	19980	83
958	993	20152	86
959	924	19828	80
959	958	19991	99
959	960	19852	82
959	994	20028	97
960	925	20068	81
960	959	19897	82
960	961	20098	97
960	995	19892	99
961	926	19805	85
961	960	19980	85
961	962	20037	86
961	996	19894	95
962	927	20177	88
962	961	19823	95
962	963	19866	81
962	997	19983	91
963	928	19992	87
963	962	20182	80
963	964	19818	99
963	998	20175	80
964	929	19915	82
964	963	20151	80
964	965	19992	84
964	999	19903	96
965	930	19953	100
965	964	20053	99
965	966	19867	89
965	1000	20088	94
966	931	19946	95
966	965	20012	83
966	967	19917	91
966	1001	19809	92
967	932	19802	94
967	966	19984	100
967	968	19923	81
967	1002	20027	80
968	933	19956	99
968	967	19986	87
968	969	20020	86
968	1003	19824	87
969	934	19990	88
969	968	19915	92
969	970	19869	98
969	1004	20026	100
970	935	19918	89
970	969	20092	98
970	971	19972	81
970	1005	20067	99
971	936	20042	98
971	970	19911	95
971	972	20159	81
971	1006	20161	94
972	937	19907	98
972	971	20143	86
972	973	20032	95
972	1007	19837	85
973	938	19848	85
973	972	19877	92
973	974	19998	95
973	1008	20110	96
974	939	20063	88
974	973	20033	88
974	975	20102	80
974	1009	19944	92
975	940	19903	94
975	974	20033	82
975	976	20062	100
975	1010	19864	83
976	941	19907	88
976	975	19984	82
976	977	20128	81
976	1011	20195	97
977	942	20092	88
977	976	20130	99
977	978	20178	82
977	1012	19978	80
978	943	19801	87
978	977	19946	96
978	979	19852	82
978	1013	20024	82
979	944	19835	80
979	978	19825	97
979	980	19953	89
979	1014	20185	95
980	945	20167	83
980	979	20136	94
980	1015	19913	99
981	946	19878	85
981	982	19970	100
981	1016	20196	88
982	947	19946	80
982	981	19952	93
982	983	20047	99
982	1017	19937	93
983	948	19897	100
983	982	20144	94
983	984	19997	87
983	1018	20017	100
984	949	20197	86
984	983	20187	93
984	985	19818	87
984	1019	19944	89
985	950	20143	83
985	984	20039	81
985	986	19864	100
985	1020	19977	80
986	951	20104	81
986	985	20095	98
986	987	20060	97
986	1021	19956	98
987	952	20088	93
987	986	20037	98
987	988	19906	89
987	1022	20046	95
988	953	20048	93
988	987	19991	92
988	989	20163	100
988	1023	20124	87
989	954	19975	80
989	988	19856	88
989	990	20138	88
989	1024	20004	83
990	955	19969	91
990	989	20054	85
990	991	19897	99
990	1025	20044	99
991	956	19902	80
991	990	19987	99
991	992	20089	80
991	1026	19903	82
992	957	20097	87
992	991	19834	92
992	993	19924	96
992	1027	19807	99
993	958	19822	83
993	992	19980	89
993	994	19994	99
993	1028	20092	81
994	959	19822	93
994	993	20113	89
994	995	20062	91
994	1029	20186	86
995	960	20096	97
995	994	19875	91
995	996	20130	96
995	1030	19985	92
996	961	19928	81
996	995	19911	91
996	997	20097	92
996	1031	19992	86
997	962	20196	94
997	996	19987	88
997	998	19912	96
997	1032	19983	89
998	963	20161	99
998	997	19843	99
998	999	19952	97
998	1033	20159	98
999	964	19953	94
999	998	19835	92
999	1000	19922	89
999	1034	20144	98
1000	965	20164	97
1000	999	19830	92
1000	1001	19996	83
1000	1035	20197	81
1001	966	20162	92
1001	1000	19828	84
1001	1002	20109	84
1001	1036	20001	100
1002	967	20146	81
1002	1001	19953	94
1002	1003	19913	83
1002	1037	20184	92
1003	968	20133	88
1003	1002	20096	94
1003	1004	20117	81
1003	1038	19938	97
1004	969	20117	87
1004	1003	20062	84
1004	1005	20110	81
1004	1039	19909	82
1005	970	20190	91
1005	1004	20076	84
1005	1006	20185	94
1005	1040	20102	94
1006	971	20054	94
1006	1005	20135	82
1006	1007	20086	81
1006	1041	19974	80
1007	972	19924	98
1007	1006	20040	82
1007	1008	20176	85
1007	1042	20080	92
1008	973	19839	87
1008	1007	20187	100
1008	1009	20145	86
1008	1043	20031	100
1009	974	20198	82
1009	1008	20181	100
1009	1010	19973	85
1009	1044	20119	98
1010	975	20127	82
1010	1009	20123	99
1010	1011	20058	94
1010	1045	20185	81
1011	976	20092	99
1011	1010	20045	87
1011	1012	20016	81
1011	1046	19890	85
1012	977	20174	99
1012	1011	19950	84
1012	1013	19880	99
1012	1047	19935	82
1013	978	20010	88
1013	1012	19915	94
1013	1014	19991	89
1013	1048	20017	81
1014	979	19819	93
1014	1013	19933	94
1014	1015	20112	89
1014	1049	19868	92
1015	980	20128	91
1015	1014	20141	83
1015	1050	20067	89
1016	981	19941	95
1016	1017	20003	82
1016	1051	19905	91
1017	982	20016	94
1017	1016	20110	83
1017	1018	20200	87
1017	1052	20025	89
1018	983	19888	84
1018	1017	20144	94
1018	1019	19852	97
1018	1053	20121	84
1019	984	20078	95
1019	1018	19915	86
1019	1020	19903	83
1019	1054	19855	98
1020	985	20113	91
1020	1019	19914	93
1020	1021	19898	97
1020	1055	20069	100
1021	986	19823	89
1021	1020	20015	96
1021	1022	20145	85
1021	1056	20083	89
1022	987	20100	91
1022	1021	19874	86
1022	1023	19861	95
1022	1057	20027	94
1023	988	20180	91
1023	1022	20111	88
1023	1024	20114	83
1023	1058	20064	82
1024	989	20150	91
1024	1023	20043	81
1024	1025	20172	98
1024	1059	20171	96
1025	990	19994	97
1025	1024	19924	97
1025	1026	20076	91
1025	1060	19934	82
1026	991	19894	94
1026	1025	19864	87
1026	1027	20048	91
1026	1061	20030	93
1027	992	19891	88
1027	1026	20185	85
1027	1028	19935	92
1027	1062	20045	89
1028	993	20031	85
1028	1027	20170	95
1028	1029	20124	83
1028	1063	19900	88
1029	994	19893	86
1029	1028	19982	92
1029	1030	19924	83
1029	1064	19948	93
1030	995	19821	88
1030	1029	19903	92
1030	1031	20027	87
1030	1065	20195	86
1031	996	19978	96
1031	1030	20057	83
1031	1032	19868	93
1031	1066	20123	95
1032	997	19918	86
1032	1031	19989	97
1032	1033	20098	97
1032	1067	19959	92
1033	998	20002	92
1033	1032	20050	96
1033	1034	20174	99
1033	1068	20068	93
1034	999	20166	100
1034	1033	19957	85
1034	1035	20078	97
1034	1069	20123	88
1035	1000	20155	80
1035	1034	20093	81
1035	1036	20192	92
1035	1070	19923	85
1036	1001	19932	81
1036	1035	20104	83
1036	1037	19925	84
1036	1071	19911	94
1037	1002	19979	82
1037	1036	19958	97
1037	1038	19912	93
1037	1072	20062	97
1038	1003	20198	82
1038	1037	20024	99
1038	1039	19997	92
1038	1073	20002	97
1039	1004	19931	83
1039	1038	20149	85
1039	1040	19814	83
1039	1074	19819	93
1040	1005	19801	86
1040	1039	19871	100
1040	1041	20175	85
1040	1075	20032	97
1041	1006	19899	80
1041	1040	20152	100
1041	1042	20076	94
1041	1076	20174	88
1042	1007	19819	87
1042	1041	19983	84
1042	1043	19943	85
1042	1077	20058	95
1043	1008	19863	93
1043	1042	19826	92
1043	1044	19919	82
1043	1078	19984	97
1044	1009	20113	85
1044	1043	20053	88
1044	1045	19810	91
1044	1079	19959	95
1045	1010	19910	86
1045	1044	19949	93
1045	1046	19909	99
1045	1080	20169	84
1046	1011	20015	81
1046	1045	19844	100
1046	1047	20092	95
1046	1081	20001	92
1047	1012	20001	93
1047	1046	19917	92
1047	1048	20016	85
1047	1082	19841	82
1048	1013	19966	88
1048	1047	19867	87
1048	1049	19831	86
1048	1083	20140	88
1049	1014	19881	92
1049	1048	20183	85
1049	1050	19805	88
1049	1084	19989	99
1050	1015	20105	85
1050	1049	19995	94
1050	1085	19882	82
1051	1016	20081	80
1051	1052	19945	83
1051	1086	19858	88
1052	1017	19995	97
1052	1051	19911	85
1052	1053	19812	89
1052	1087	20037	97
1053	1018	20128	96
1053	1052	20086	87
1053	1054	19852	95
1053	1088	19854	81
1054	1019	20158	95
1054	1053	19998	80
1054	1055	20192	93
1054	1089	19857	99
1055	1020	20068	80
1055	1054	20133	84
1055	1056	20089	96
1055	1090	19978	84
1056	1021	20171	88
1056	1055	20065	89
1056	1057	19917	94
1056	1091	19842	95
1057	1022	19933	93
1057	1056	19820	97
1057	1058	20084	88
1057	1092	19981	85
1058	1023	19818	98
1058	1057	20036	85
1058	1059	20013	84
1058	1093	20129	95
1059	1024	19969	95
1059	1058	19827	94
1059	1060	20072	98
1059	1094	20150	85
1060	1025	20138	97
1060	1059	20174	100
1060	1061	20001	88
1060	1095	20167	87
1061	1026	19864	95
1061	1060	20124	100
1061	1062	19909	94
1061	1096	19854	84
1062	1027	20134	87
1062	1061	20066	94
1062	1063	20187	92
1062	1097	19844	99
1063	1028	19921	82
1063	1062	20124	94
1063	1064	20032	83
1063	1098	20039	89
1064	1029	20017	81
1064	1063	19956	88
1064	1065	20096	94
1064	1099	20152	80
1065	1030	19984	99
1065	1064	19996	80
1065	1066	20179	92
1065	1100	20075	85
1066	1031	19811	88
1066	1065	20025	100
1066	1067	19869	89
1066	1101	19812	96
1067	1032	20120	96
1067	1066	19918	82
1067	1068	19850	94
1067	1102	20152	96
1068	1033	20105	81
1068	1067	20029	93
1068	1069	20192	100
1068	1103	19841	98
1069	1034	19841	99
1069	1068	20091	83
1069	1070	20120	94
1069	1104	20020	86
1070	1035	20154	100
1070	1069	20076	83
1070	1071	19995	87
1070	1105	20075	97
1071	1036	19882	84
1071	1070	19891	84
1071	1072	20005	80
1071	1106	20090	94
1072	1037	20128	100
1072	1071	20163	84
1072	1073	19885	100
1072	1107	20036	96
1073	1038	20126	83
1073	1072	20180	95
1073	1074	20176	98
1073	1108	20079	89
1074	1039	19919	97
1074	1073	20055	83
1074	1075	20137	89
1074	1109	20156	88
1075	1040	20084	95
1075	1074	19962	88
1075	1076	20022	94
1075	1110	19999	88
1076	1041	20088	80
1076	1075	19923	89
1076	1077	20033	99
1076	1111	20143	89
1077	1042	19918	97
1077	1076	20193	88
1077	1078	20064	91
1077	1112	19911	91
1078	1043	20168	97
1078	1077	20122	84
1078	1079	20149	91
1078	1113	20107	92
1079	1044	20021	80
1079	1078	19937	89
1079	1080	20121	82
1079	1114	20014	91
1080	1045	19916	88
1080	1079	20126	99
1080	1081	20000	85
1080	1115	20024	83
1081	1046	19938	93
1081	1080	20073	94
1081	1082	20021	95
1081	1116	19893	96
1082	1047	19913	89
1082	1081	19811	89
1082	1083	19820	87
1082	1117	19962	100
1083	1048	19850	82
1083	1082	20157	86
1083	1084	20069	84
1083	1118	20116	82
1084	1049	19919	82
1084	1083	19888	100
1084	1085	20109	93
1084	1119	19846	81
1085	1050	20194	99
1085	1084	20024	91
1085	1120	20057	89
1086	1051	20172	97
1086	1087	20169	97
1086	1121	19882	93
1087	1052	20120	85
1087	1086	19984	88
1087	1088	19845	94
1087	1122	20151	85
1088	1053	20030	83
1088	1087	19977	97
1088	1089	20030	95
1088	1123	20072	82
1089	1054	20095	91
1089	1088	19932	92
1089	1090	20037	98
1089	1124	19962	95
1090	1055	20000	81
1090	1089	20110	94
1090	1091	20002	86
1090	1125	20167	99
1091	1056	20056	91
1091	1090	20117	86
1091	1092	20044	80
1091	1126	20086	97
1092	1057	19811	88
1092	1091	20013	99
1092	1093	19863	95
1092	1127	19943	99
1093	1058	19946	99
1093	1092	19809	92
1093	1094	19804	88
1093	1128	20164	85
1094	1059	19952	91
1094	1093	20137	80
1094	1095	20182	98
1094	1129	19823	88
1095	1060	19916	87
1095	1094	19837	85
1095	1096	19899	100
1095	1130	19812	100
1096	1061	20119	92
1096	1095	20034	83
1096	1097	19957	95
1096	1131	19813	94
1097	1062	19963	86
1097	1096	20063	92
1097	1098	20076	87
1097	1132	19921	94
1098	1063	19934	83
1098	1097	20004	99
1098	1099	20030	81
1098	1133	19982	92
1099	1064	20122	94
1099	1098	19998	88
1099	1100	19928	91
1099	1134	19920	94
1100	1065	19804	87
1100	1099	19891	100
1100	1101	19829	82
1100	1135	20096	80
1101	1066	20003	93
1101	1100	20180	96
1101	1102	20121	80
1101	1136	20183	94
1102	1067	19939	83
1102	1101	19827	81
1102	1103	19872	99
1102	1137	20000	99
1103	1068	20081	96
1103	1102	19887	97
1103	1104	20165	89
1103	1138	19985	98
1104	1069	19914	89
1104	1103	20129	95
1104	1105	20022	98
1104	1139	19952	100
1105	1070	19934	85
1105	1104	20008	85
1105	1106	19947	81
1105	1140	19812	94
1106	1071	19982	98
1106	1105	19941	85
1106	1107	19884	93
1106	1141	20106	89
1107	1072	19833	95
1107	1106	19868	85
1107	1108	19805	92
1107	1142	20019	87
1108	1073	20142	91
1108	1107	19835	84
1108	1109	20158	96
1108	1143	19942	84
1109	1074	20080	86
1109	1108	19994	99
1109	1110	19954	97
1109	1144	19835	85
1110	1075	20148	80
1110	1109	19950	93
1110	1111	20143	94
1110	1145	20054	89
1111	1076	20099	91
1111	1110	20038	97
1111	1112	20062	85
1111	1146	19922	86
1112	1077	20077	100
1112	1111	20091	84
1112	1113	20186	95
1112	1147	19877	100
1113	1078	20075	86
1113	1112	19846	93
1113	1114	20180	93
1113	1148	20086	96
1114	1079	19842	88
1114	1113	20173	87
1114	1115	19882	98
1114	1149	20173	100
1115	1080	19939	82
1115	1114	20076	89
1115	1116	19813	87
1115	1150	20130	80
1116	1081	20055	82
1116	1115	19819	100
1116	1117	20031	89
1116	1151	19865	93
1117	1082	20112	82
1117	1116	19973	96
1117	1118	19952	97
1117	1152	19864	91
1118	1083	19843	82
1118	1117	19901	99
1118	1119	19934	91
1118	1153	20015	98
1119	1084	19991	86
1119	1118	19887	89
1119	1120	20049	100
1119	1154	19865	87
1120	1085	20009	81
1120	1119	20038	93
1120	1155	20048	91
1121	1086	20164	91
1121	1122	20191	94
1121	1156	20143	87
1122	1087	19940	92
1122	1121	20179	96
1122	1123	19948	97
1122	1157	20040	97
1123	1088	19985	83
1123	1122	19808	85
1123	1124	20130	97
1123	1158	19860	88
1124	1089	19926	99
1124	1123	20186	97
1124	1125	19914	80
1124	1159	20106	84
1125	1090	19866	81
1125	1124	19833	100
1125	1126	20172	97
1125	1160	20127	96
1126	1091	20200	98
1126	1125	20002	86
1126	1127	19828	88
1126	1161	20165	94
1127	1092	19823	100
1127	1126	19901	93
1127	1128	19914	88
1127	1162	19914	83
1128	1093	20018	94
1128	1127	19840	98
1128	1129	19846	97
1128	1163	19975	89
1129	1094	20045	94
1129	1128	20177	88
1129	1130	19824	94
1129	1164	19952	97
1130	1095	19831	100
1130	1129	20116	91
1130	1131	19872	95
1130	1165	19968	80
1131	1096	20188	83
1131	1130	19820	95
1131	1132	19833	84
1131	1166	20147	87
1132	1097	19960	82
1132	1131	19909	85
1132	1133	20024	91
1132	1167	20042	99
1133	1098	20119	91
1133	1132	19804	95
1133	1134	20073	80
1133	1168	20153	94
1134	1099	19821	89
1134	1133	20167	88
1134	1135	20043	85
1134	1169	19911	97
1135	1100	20024	83
1135	1134	20114	80
1135	1136	20163	87
1135	1170	19889	82
1136	1101	20103	100
1136	1135	20063	96
1136	1137	20064	94
1136	1171	20195	93
1137	1102	19852	86
1137	1136	20068	85
1137	1138	19854	92
1137	1172	20016	100
1138	1103	19896	91
1138	1137	20110	89
1138	1139	19924	81
1138	1173	19872	87
1139	1104	20125	80
1139	1138	19807	80
1139	1140	19812	87
1139	1174	19950	96
1140	1105	19964	93
1140	1139	20009	92
1140	1141	19829	97
1140	1175	20066	91
1141	1106	20083	81
1141	1140	20124	93
1141	1142	20162	100
1141	1176	19836	98
1142	1107	20174	88
1142	1141	20064	89
1142	1143	19968	82
1142	1177	20198	92
1143	1108	19989	97
1143	1142	19847	96
1143	1144	19972	98
1143	1178	20069	94
1144	1109	19873	93
1144	1143	20138	94
1144	1145	19876	93
1144	1179	20079	92
1145	1110	19980	98
1145	1144	19975	92
1145	1146	20098	99
1145	1180	19962	86
1146	1111	20012	96
1146	1145	20159	95
1146	1147	19950	91
1146	1181	19954	82
1147	1112	19867	100
1147	1146	20156	93
1147	1148	20168	94
1147	1182	19968	83
1148	1113	19827	84
1148	1147	20181	89
1148	1149	19910	96
1148	1183	20101	86
1149	1114	19888	99
1149	1148	19924	96
1149	1150	20125	97
1149	1184	19849	100
1150	1115	20058	98
1150	1149	19987	92
1150	1151	19817	86
1150	1185	19972	81
1151	1116	20010	93
1151	1150	19880	81
1151	1152	19911	94
1151	1186	19997	97
1152	1117	19935	85
1152	1151	19854	85
1152	1153	20032	85
1152	1187	20093	89
1153	1118	20179	92
1153	1152	20024	80
1153	1154	20111	92
1153	1188	19906	94
1154	1119	19898	84
1154	1153	20052	80
1154	1155	20135	95
1154	1189	19904	84
1155	1120	19923	85
1155	1154	20040	99
1155	1190	19942	99
1156	1121	20189	84
1156	1157	20074	80
1156	1191	19910	95
1157	1122	19987	94
1157	1156	19958	87
1157	1158	20103	92
1157	1192	19926	92
1158	1123	20186	83
1158	1157	20151	99
1158	1159	20108	86
1158	1193	20018	96
1159	1124	20143	99
1159	1158	20067	92
1159	1160	20013	82
1159	1194	20179	91
1160	1125	19887	84
1160	1159	20106	85
1160	1161	19934	94
1160	1195	19989	99
1161	1126	20019	86
1161	1160	20193	88
1161	1162	19836	98
1161	1196	19929	96
1162	1127	19986	96
1162	1161	20053	100
1162	1163	19906	100
1162	1197	20163	80
1163	1128	19801	84
1163	1162	20098	80
1163	1164	20040	95
1163	1198	19818	85
1164	1129	19908	93
1164	1163	19890	98
1164	1165	19870	88
1164	1199	20067	87
1165	1130	20115	88
1165	1164	20137	81
1165	1166	20133	80
1165	1200	20035	80
1166	1131	19906	88
1166	1165	19989	82
1166	1167	19997	91
1166	1201	20024	91
1167	1132	19838	83
1167	1166	20002	83
1167	1168	19964	92
1167	1202	19900	85
1168	1133	19947	91
1168	1167	20115	91
1168	1169	20152	89
1168	1203	19908	86
1169	1134	20062	86
1169	1168	19822	83
1169	1170	19975	88
1169	1204	20192	91
1170	1135	19951	91
1170	1169	19893	82
1170	1171	19828	93
1170	1205	19854	94
1171	1136	19807	80
1171	1170	20002	98
1171	1172	20000	84
1171	1206	19840	91
1172	1137	20182	91
1172	1171	20033	94
1172	1173	19815	88
1172	1207	20112	89
1173	1138	19889	82
1173	1172	19823	87
1173	1174	19820	89
1173	1208	20148	89
1174	1139	20184	81
1174	1173	19900	87
1174	1175	20034	91
1174	1209	20062	99
1175	1140	20130	86
1175	1174	19987	91
1175	1176	19864	86
1175	1210	20182	96
1176	1141	19873	97
1176	1175	19830	91
1176	1177	19909	92
1176	1211	19965	94
1177	1142	19924	100
1177	1176	19909	99
1177	1178	20057	92
1177	1212	20101	84
1178	1143	19975	91
1178	1177	19804	96
1178	1179	20093	88
1178	1213	19874	91
1179	1144	20151	93
1179	1178	20166	93
1179	1180	20025	84
1179	1214	20041	83
1180	1145	19815	81
1180	1179	20069	97
1180	1181	19947	94
1180	1215	20091	92
1181	1146	20040	87
1181	1180	20091	99
1181	1182	19847	85
1181	1216	20147	81
1182	1147	20055	93
1182	1181	20104	97
1182	1183	19968	95
1182	1217	19975	88
1183	1148	20184	99
1183	1182	20117	82
1183	1184	20154	100
1183	1218	20157	93
1184	1149	19986	94
1184	1183	19946	98
1184	1185	19961	88
1184	1219	19900	87
1185	1150	20105	99
1185	1184	20073	82
1185	1186	19982	100
1185	1220	20133	84
1186	1151	20162	99
1186	1185	19854	81
1186	1187	20167	91
1186	1221	19962	95
1187	1152	19966	93
1187	1186	19832	87
1187	1188	19974	96
1187	1222	19944	83
1188	1153	19996	87
1188	1187	19935	97
1188	1189	20143	84
1188	1223	19838	84
1189	1154	20036	81
1189	1188	19902	84
1189	1190	20130	85
1189	1224	19902	98
1190	1155	19893	89
1190	1189	20112	96
1190	1225	20185	81
1191	1156	20194	80
1191	1192	19904	98
1192	1157	19975	94
1192	1191	20111	99
1192	1193	20141	87
1193	1158	19942	99
1193	1192	20044	99
1193	1194	20104	96
1194	1159	20040	83
1194	1193	19844	82
1194	1195	19819	96
1195	1160	20087	89
1195	1194	19951	98
1195	1196	19955	89
1196	1161	20195	96
1196	1195	20156	92
1196	1197	20042	81
1197	1162	19926	82
1197	1196	20126	80
1197	1198	20142	80
1198	1163	19860	98
1198	1197	20053	87
1198	1199	20058	97
1199	1164	20116	98
1199	1198	20175	92
1199	1200	20085	99
1200	1165	20106	83
1200	1199	19825	82
1200	1201	20071	84
1201	1166	19810	89
1201	1200	19922	88
1201	1202	20105	91
1202	1167	20137	97
1202	1201	19930	92
1202	1203	19832	87
1203	1168	19849	91
1203	1202	20038	91
1203	1204	19939	97
1204	1169	20194	94
1204	1203	19969	83
1204	1205	20101	95
1205	1170	19913	94
1205	1204	20139	93
1205	1206	19946	86
1206	1171	20006	80
1206	1205	20132	93
1206	1207	19869	89
1207	1172	19999	85
1207	1206	19825	87
1207	1208	19838	81
1208	1173	20061	88
1208	1207	20065	99
1208	1209	20087	82
1209	1174	19848	95
1209	1208	20149	83
1209	1210	19816	94
1210	1175	20111	94
1210	1209	19929	96
1210	1211	19837	89
1211	1176	20126	96
1211	1210	20098	87
1211	1212	20053	87
1212	1177	20017	100
1212	1211	20191	85
1212	1213	19811	97
1213	1178	20041	81
1213	1212	19847	80
1213	1214	19923	87
1214	1179	20141	99
1214	1213	19909	85
1214	1215	20152	81
1215	1180	19826	94
1215	1214	19986	81
1215	1216	19828	83
1216	1181	19913	89
1216	1215	19971	91
1216	1217	19937	87
1217	1182	20012	92
1217	1216	20004	92
1217	1218	19876	91
1218	1183	20013	89
1218	1217	19851	85
1218	1219	20142	81
1219	1184	20112	92
1219	1218	20110	96
1219	1220	20184	100
1220	1185	20011	100
1220	1219	19832	88
1220	1221	20042	85
1221	1186	20051	86
1221	1220	20121	100
1221	1222	19863	91
1222	1187	19815	92
1222	1221	19809	85
1222	1223	20171	92
1223	1188	19939	96
1223	1222	19809	80
1223	1224	19952	91
1224	1189	20065	98
1224	1223	20121	88
1224	1225	19928	95
1225	1190	19922	81
1225	1224	20163	84
