1	2	37243	91
1	36	37390	97
2	1	37209	95
2	3	37245	82
2	37	37257	92
3	2	37459	85
3	4	37522	95
3	38	37396	97
4	3	37282	93
4	5	37249	83
4	39	37299	85
5	4	37248	99
5	6	37217	87
5	40	37234	80
6	5	37589	85
6	7	37418	98
6	41	37361	88
7	6	37549	93
7	8	37531	84
7	42	37330	85
8	7	37456	81
8	9	37264	96
8	43	37390	96
9	8	37388	88
9	10	37301	87
9	44	37492	98
10	9	37316	84
10	11	37525	97
10	45	37375	100
11	10	37389	83
11	12	37323	99
11	46	37520	94
12	11	37259	88
12	13	37504	86
12	47	37410	96
13	12	37407	83
13	14	37483	98
13	48	37557	85
14	13	37339	93
14	15	37374	86
14	49	37407	93
15	14	37488	94
15	16	37371	82
15	50	37489	96
16	15	37545	91
16	17	37257	88
16	51	37484	92
17	16	37426	98
17	18	37356	83
17	52	37439	82
18	17	37579	88
18	19	37363	94
18	53	37289	96
19	18	37301	94
19	20	37388	80
19	54	37388	94
20	19	37334	86
20	21	37596	100
20	55	37398	100
21	20	37403	94
21	22	37249	82
21	56	37558	89
22	21	37503	98
22	23	37276	88
22	57	37512	100
23	22	37351	89
23	24	37491	81
23	58	37203	92
24	23	37377	98
24	25	37434	92
24	59	37291	92
25	24	37238	92
25	26	37481	96
25	60	37310	94
26	25	37481	99
26	27	37576	97
26	61	37385	97
27	26	37510	92
27	28	37568	89
27	62	37316	95
28	27	37478	82
28	29	37296	84
28	63	37369	89
29	28	37300	99
29	30	37252	96
29	64	37519	81
30	29	37386	94
30	31	37569	94
30	65	37362	95
31	30	37512	80
31	32	37497	81
31	66	37409	95
32	31	37477	94
32	33	37481	95
32	67	37478	81
33	32	37345	88
33	34	37343	81
33	68	37244	94
34	33	37461	80
34	35	37445	98
34	69	37473	94
35	34	37590	80
35	70	37444	86
36	1	37301	95
36	37	37256	82
36	71	37522	98
37	2	37573	85
37	36	37247	81
37	38	37328	95
37	72	37239	86
38	3	37490	91
38	37	37371	93
38	39	37589	87
38	73	37326	96
39	4	37280	99
39	38	37499	99
39	40	37299	89
39	74	37209	98
40	5	37518	93
40	39	37488	87
40	41	37457	91
40	75	37344	83
41	6	37327	85
41	40	37425	96
41	42	37468	97
41	76	37399	96
42	7	37567	82
42	41	37455	82
42	43	37533	84
42	77	37283	94
43	8	37267	86
43	42	37237	100
43	44	37542	93
43	78	37310	93
44	9	37598	96
44	43	37563	87
44	45	37521	94
44	79	37522	87
45	10	37528	83
45	44	37325	83
45	46	37205	96
45	80	37276	96
46	11	37435	89
46	45	37565	83
46	47	37385	91
46	81	37521	92
47	12	37228	92
47	46	37405	85
47	48	37418	94
47	82	37251	94
48	13	37255	95
48	47	37590	84
48	49	37523	83
48	83	37383	84
49	14	37337	94
49	48	37218	89
49	50	37474	85
49	84	37536	92
50	15	37425	85
50	49	37422	98
50	51	37496	92
50	85	37356	99
51	16	37593	97
51	50	37567	89
51	52	37394	84
51	86	37466	80
52	17	37293	80
52	51	37313	97
52	53	37301	98
52	87	37294	86
53	18	37565	94
53	52	37321	85
53	54	37285	91
53	88	37242	84
54	19	37328	88
54	53	37556	84
54	55	37204	81
54	89	37264	82
55	20	37464	83
55	54	37553	86
55	56	37238	91
55	90	37312	100
56	21	37403	83
56	55	37206	95
56	57	37308	85
56	91	37306	80
57	22	37515	91
57	56	37242	84
57	58	37379	86
57	92	37306	94
58	23	37243	85
58	57	37550	85
58	59	37287	82
58	93	37536	84
59	24	37463	97
59	58	37313	94
59	60	37273	95
59	94	37320	81
60	25	37406	85
60	59	37525	85
60	61	37460	100
60	95	37409	91
61	26	37440	82
61	60	37435	80
61	62	37473	85
61	96	37543	96
62	27	37228	83
62	61	37493	84
62	63	37216	88
62	97	37322	88
63	28	37381	91
63	62	37564	94
63	64	37223	86
63	98	37446	92
64	29	37309	92
64	63	37356	93
64	65	37591	83
64	99	37378	99
65	30	37386	86
65	64	37442	84
65	66	37510	88
65	100	37312	86
66	31	37351	88
66	65	37429	85
66	67	37598	94
66	101	37286	98
67	32	37434	88
67	66	37240	94
67	68	37464	81
67	102	37319	93
68	33	37351	98
68	67	37263	100
68	69	37499	93
68	103	37426	87
69	34	37248	91
69	68	37352	95
69	70	37312	100
69	104	37374	91
70	35	37336	84
70	69	37210	97
70	105	37432	85
71	36	37452	89
71	72	37507	93
71	106	37344	95
72	37	37476	84
72	71	37295	82
72	73	37255	97
72	107	37545	89
73	38	37394	88
73	72	37252	91
73	74	37213	100
73	108	37246	86
74	39	37427	98
74	73	37341	96
74	75	37417	88
74	109	37539	92
75	40	37358	98
75	74	37456	94
75	76	37205	89
75	110	37598	93
76	41	37488	82
76	75	37500	85
76	77	37479	82
76	111	37278	98
77	42	37555	85
77	76	37492	97
77	78	37419	96
77	112	37448	85
78	43	37582	84
78	77	37519	85
78	79	37586	84
78	113	37429	87
79	44	37301	81
79	78	37596	99
79	80	37506	93
79	114	37491	86
80	45	37336	94
80	79	37288	82
80	81	37262	85
80	115	37369	88
81	46	37573	81
81	80	37569	81
81	82	37596	82
81	116	37573	96
82	47	37530	98
82	81	37569	82
82	83	37245	91
82	117	37246	92
83	48	37332	96
83	82	37483	94
83	84	37209	86
83	118	37329	93
84	49	37304	85
84	83	37485	88
84	85	37479	88
84	119	37206	88
85	50	37205	88
85	84	37541	94
85	86	37523	98
85	120	37582	87
86	51	37502	91
86	85	37548	84
86	87	37253	81
86	121	37361	94
87	52	37308	94
87	86	37486	97
87	88	37383	88
87	122	37287	81
88	53	37381	100
88	87	37443	93
88	89	37487	83
88	123	37309	83
89	54	37223	93
89	88	37556	96
89	90	37472	97
89	124	37228	87
90	55	37456	99
90	89	37362	82
90	91	37578	81
90	125	37203	84
91	56	37326	94
91	90	37391	80
91	92	37419	87
91	126	37259	82
92	57	37307	81
92	91	37285	88
92	93	37579	93
92	127	37575	98
93	58	37462	91
93	92	37295	97
93	94	37465	89
93	128	37505	92
94	59	37528	93
94	93	37417	95
94	95	37347	88
94	129	37503	93
95	60	37374	89
95	94	37441	86
95	96	37478	91
95	130	37504	96
96	61	37426	96
96	95	37363	80
96	97	37427	81
96	131	37534	98
97	62	37275	100
97	96	37429	100
97	98	37317	97
97	132	37303	80
98	63	37279	88
98	97	37269	82
98	99	37295	80
98	133	37351	89
99	64	37380	93
99	98	37393	85
99	100	37344	81
99	134	37302	99
100	65	37533	100
100	99	37299	96
100	101	37342	80
100	135	37396	97
101	66	37577	96
101	100	37463	91
101	102	37490	91
101	136	37252	83
102	67	37351	96
102	101	37472	94
102	103	37416	81
102	137	37239	98
103	68	37261	96
103	102	37566	94
103	104	37269	88
103	138	37599	87
104	69	37324	88
104	103	37441	87
104	105	37514	92
104	139	37501	95
105	70	37300	93
105	104	37590	97
105	140	37542	89
106	71	37578	89
106	107	37511	87
106	141	37430	88
107	72	37414	82
107	106	37319	97
107	108	37373	97
107	142	37489	82
108	73	37230	96
108	107	37261	98
108	109	37250	88
108	143	37511	84
109	74	37270	97
109	108	37370	94
109	110	37439	81
109	144	37340	89
110	75	37379	84
110	109	37548	91
110	111	37504	96
110	145	37245	82
111	76	37548	89
111	110	37243	87
111	112	37365	96
111	146	37354	89
112	77	37373	81
112	111	37319	97
112	113	37364	98
112	147	37256	93
113	78	37518	87
113	112	37554	100
113	114	37505	93
113	148	37430	80
114	79	37299	89
114	113	37322	97
114	115	37502	80
114	149	37570	86
115	80	37489	81
115	114	37222	80
115	116	37423	84
115	150	37465	84
116	81	37263	96
116	115	37224	96
116	117	37370	86
116	151	37496	97
117	82	37202	95
117	116	37486	100
117	118	37573	88
117	152	37212	99
118	83	37251	87
118	117	37404	94
118	119	37354	94
118	153	37457	93
119	84	37565	88
119	118	37473	96
119	120	37524	95
119	154	37287	94
120	85	37541	97
120	119	37496	92
120	121	37474	82
120	155	37575	80
121	86	37347	83
121	120	37326	80
121	122	37534	88
121	156	37327	80
122	87	37275	81
122	121	37290	91
122	123	37437	86
122	157	37405	93
123	88	37213	81
123	122	37266	91
123	124	37483	83
123	158	37297	91
124	89	37565	84
124	123	37570	95
124	125	37236	83
124	159	37213	97
125	90	37515	89
125	124	37418	80
125	126	37543	94
125	160	37550	85
126	91	37561	88
126	125	37319	89
126	127	37506	88
126	161	37214	98
127	92	37429	96
127	126	37578	80
127	128	37408	95
127	162	37234	80
128	93	37466	80
128	127	37252	83
128	129	37219	89
128	163	37552	97
129	94	37447	92
129	128	37334	80
129	130	37270	98
129	164	37446	85
130	95	37295	89
130	129	37323	95
130	131	37541	81
130	165	37434	99
131	96	37216	85
131	130	37340	93
131	132	37345	98
131	166	37547	94
132	97	37394	91
132	131	37363	96
132	133	37434	86
132	167	37411	95
133	98	37523	96
133	132	37330	95
133	134	37550	88
133	168	37413	86
134	99	37505	89
134	133	37278	93
134	135	37403	97
134	169	37212	95
135	100	37237	81
135	134	37291	89
135	136	37329	98
135	170	37249	86
136	101	37574	85
136	135	37595	95
136	137	37400	83
136	171	37530	80
137	102	37201	94
137	136	37387	85
137	138	37232	82
137	172	37340	82
138	103	37521	88
138	137	37553	91
138	139	37277	96
138	173	37347	94
139	104	37465	85
139	138	37424	83
139	140	37437	95
139	174	37364	87
140	105	37549	83
140	139	37555	82
140	175	37385	95
141	106	37225	91
141	142	37477	80
141	176	37472	82
142	107	37231	87
142	141	37248	99
142	143	37413	89
142	177	37557	91
143	108	37327	81
143	142	37334	96
143	144	37227	84
143	178	37236	91
144	109	37434	87
144	143	37577	97
144	145	37433	99
144	179	37420	87
145	110	37259	92
145	144	37437	96
145	146	37329	95
145	180	37378	82
146	111	37377	84
146	145	37549	88
146	147	37253	97
146	181	37597	91
147	112	37343	95
147	146	37220	93
147	148	37264	100
147	182	37583	98
148	113	37226	91
148	147	37285	94
148	149	37562	87
148	183	37384	92
149	114	37347	89
149	148	37379	89
149	150	37368	84
149	184	37382	81
150	115	37263	87
150	149	37288	88
150	151	37555	95
150	185	37517	97
151	116	37595	87
151	150	37449	98
151	152	37372	95
151	186	37323	82
152	117	37308	99
152	151	37448	83
152	153	37345	100
152	187	37511	85
153	118	37273	94
153	152	37590	95
153	154	37489	91
153	188	37289	95
154	119	37499	99
154	153	37201	97
154	155	37330	86
154	189	37360	96
155	120	37277	92
155	154	37517	91
155	156	37256	83
155	190	37571	93
156	121	37216	98
156	155	37236	83
156	157	37307	96
156	191	37580	82
157	122	37216	83
157	156	37383	80
157	158	37321	96
157	192	37486	88
158	123	37360	87
158	157	37556	81
158	159	37336	94
158	193	37206	87
159	124	37363	95
159	158	37415	97
159	160	37381	88
159	194	37548	88
160	125	37575	87
160	159	37481	91
160	161	37550	97
160	195	37339	97
161	126	37556	95
161	160	37495	81
161	162	37476	83
161	196	37589	83
162	127	37232	83
162	161	37211	98
162	163	37326	89
162	197	37434	97
163	128	37452	95
163	162	37488	98
163	164	37421	81
163	198	37229	97
164	129	37349	98
164	163	37328	87
164	165	37393	83
164	199	37555	84
165	130	37326	100
165	164	37536	85
165	166	37600	94
165	200	37496	95
166	131	37471	96
166	165	37460	96
166	167	37300	92
166	201	37362	98
167	132	37423	85
167	166	37478	86
167	168	37506	99
167	202	37597	99
168	133	37494	81
168	167	37283	80
168	169	37428	80
168	203	37462	93
169	134	37461	99
169	168	37442	93
169	170	37223	100
169	204	37235	91
170	135	37245	88
170	169	37483	98
170	171	37554	97
170	205	37501	94
171	136	37481	98
171	170	37574	85
171	172	37476	83
171	206	37286	83
172	137	37404	80
172	171	37462	98
172	173	37567	95
172	207	37412	95
173	138	37249	86
173	172	37322	82
173	174	37408	93
173	208	37214	89
174	139	37386	92
174	173	37397	95
174	175	37529	86
174	209	37407	87
175	140	37407	82
175	174	37468	100
175	210	37330	87
176	141	37241	89
176	177	37363	100
176	211	37445	96
177	142	37493	89
177	176	37525	84
177	178	37578	96
177	212	37311	88
178	143	37202	97
178	177	37271	83
178	179	37244	93
178	213	37306	81
179	144	37464	89
179	178	37527	83
179	180	37412	85
179	214	37400	94
180	145	37275	95
180	179	37358	98
180	181	37397	89
180	215	37324	96
181	146	37513	92
181	180	37540	87
181	182	37392	87
181	216	37416	80
182	147	37284	88
182	181	37327	81
182	183	37530	99
182	217	37550	95
183	148	37242	96
183	182	37453	81
183	184	37383	91
183	218	37207	89
184	149	37378	82
184	183	37542	92
184	185	37318	81
184	219	37550	95
185	150	37400	100
185	184	37463	91
185	186	37334	96
185	220	37369	85
186	151	37218	82
186	185	37230	81
186	187	37574	97
186	221	37358	81
187	152	37243	85
187	186	37369	83
187	188	37333	85
187	222	37379	92
188	153	37212	85
188	187	37549	83
188	189	37581	97
188	223	37589	97
189	154	37252	91
189	188	37417	81
189	190	37402	84
189	224	37277	84
190	155	37503	86
190	189	37410	91
190	191	37367	95
190	225	37493	92
191	156	37595	88
191	190	37500	85
191	192	37455	95
191	226	37302	92
192	157	37511	91
192	191	37245	87
192	193	37331	84
192	227	37366	88
193	158	37538	91
193	192	37496	80
193	194	37395	97
193	228	37471	87
194	159	37219	100
194	193	37529	80
194	195	37218	92
194	229	37305	92
195	160	37418	80
195	194	37567	87
195	196	37368	87
195	230	37514	95
196	161	37416	87
196	195	37249	96
196	197	37250	94
196	231	37519	80
197	162	37546	95
197	196	37208	92
197	198	37364	85
197	232	37555	87
198	163	37281	99
198	197	37527	95
198	199	37398	86
198	233	37383	91
199	164	37281	91
199	198	37434	80
199	200	37368	87
199	234	37548	92
200	165	37327	80
200	199	37587	99
200	201	37212	81
200	235	37248	80
201	166	37436	83
201	200	37332	82
201	202	37262	95
201	236	37458	98
202	167	37287	84
202	201	37476	92
202	203	37395	89
202	237	37400	91
203	168	37249	81
203	202	37354	94
203	204	37279	88
203	238	37392	94
204	169	37353	86
204	203	37538	92
204	205	37531	93
204	239	37364	100
205	170	37490	97
205	204	37363	80
205	206	37397	84
205	240	37284	100
206	171	37568	93
206	205	37428	92
206	207	37561	91
206	241	37567	89
207	172	37332	80
207	206	37428	85
207	208	37301	85
207	242	37328	91
208	173	37362	94
208	207	37489	82
208	209	37410	97
208	243	37340	95
209	174	37360	94
209	208	37366	83
209	210	37276	95
209	244	37560	83
210	175	37242	84
210	209	37265	85
210	245	37562	98
211	176	37282	94
211	212	37538	84
211	246	37446	100
212	177	37264	93
212	211	37390	99
212	213	37430	84
212	247	37581	83
213	178	37391	83
213	212	37562	80
213	214	37320	87
213	248	37423	80
214	179	37261	98
214	213	37488	82
214	215	37455	82
214	249	37351	100
215	180	37231	83
215	214	37380	92
215	216	37518	100
215	250	37544	84
216	181	37473	80
216	215	37211	93
216	217	37491	88
216	251	37561	95
217	182	37408	93
217	216	37574	96
217	218	37513	96
217	252	37484	80
218	183	37415	91
218	217	37594	95
218	219	37442	93
218	253	37579	94
219	184	37414	87
219	218	37580	100
219	220	37422	95
219	254	37248	99
220	185	37561	82
220	219	37473	96
220	221	37388	94
220	255	37431	82
221	186	37234	94
221	220	37536	81
221	222	37206	80
221	256	37215	100
222	187	37552	93
222	221	37577	89
222	223	37368	92
222	257	37222	99
223	188	37223	94
223	222	37542	97
223	224	37544	99
223	258	37331	86
224	189	37339	86
224	223	37356	86
224	225	37323	95
224	259	37301	99
225	190	37332	94
225	224	37267	86
225	226	37236	91
225	260	37454	98
226	191	37292	87
226	225	37363	87
226	227	37583	82
226	261	37585	83
227	192	37284	98
227	226	37509	89
227	228	37575	89
227	262	37254	80
228	193	37245	94
228	227	37590	91
228	229	37506	81
228	263	37231	95
229	194	37302	95
229	228	37300	93
229	230	37259	94
229	264	37254	83
230	195	37304	97
230	229	37350	86
230	231	37470	98
230	265	37453	84
231	196	37387	80
231	230	37364	89
231	232	37454	99
231	266	37425	97
232	197	37593	94
232	231	37506	99
232	233	37407	87
232	267	37493	87
233	198	37539	80
233	232	37526	91
233	234	37406	85
233	268	37336	94
234	199	37361	86
234	233	37461	92
234	235	37497	81
234	269	37341	98
235	200	37339	80
235	234	37272	82
235	236	37412	93
235	270	37443	91
236	201	37427	91
236	235	37282	89
236	237	37403	82
236	271	37209	95
237	202	37274	94
237	236	37452	98
237	238	37526	87
237	272	37540	83
238	203	37587	100
238	237	37392	95
238	239	37264	84
238	273	37345	88
239	204	37411	86
239	238	37541	91
239	240	37229	87
239	274	37551	91
240	205	37365	92
240	239	37395	81
240	241	37231	91
240	275	37410	84
241	206	37429	87
241	240	37244	94
241	242	37240	98
241	276	37475	81
242	207	37311	81
242	241	37265	84
242	243	37556	83
242	277	37392	86
243	208	37589	84
243	242	37260	80
243	244	37481	85
243	278	37283	82
244	209	37255	89
244	243	37274	81
244	245	37234	86
244	279	37280	82
245	210	37466	82
245	244	37581	95
245	280	37591	95
246	211	37565	97
246	247	37511	87
246	281	37476	87
247	212	37589	91
247	246	37487	89
247	248	37222	91
247	282	37357	96
248	213	37589	91
248	247	37319	96
248	249	37423	87
248	283	37543	96
249	214	37216	81
249	248	37212	100
249	250	37436	87
249	284	37502	83
250	215	37491	83
250	249	37304	95
250	251	37270	83
250	285	37344	88
251	216	37466	88
251	250	37568	98
251	252	37477	92
251	286	37249	93
252	217	37471	82
252	251	37330	89
252	253	37518	91
252	287	37480	85
253	218	37289	95
253	252	37449	100
253	254	37232	100
253	288	37460	91
254	219	37375	92
254	253	37504	93
254	255	37421	85
254	289	37363	92
255	220	37421	84
255	254	37352	94
255	256	37383	85
255	290	37485	82
256	221	37590	100
256	255	37429	98
256	257	37372	85
256	291	37257	87
257	222	37524	86
257	256	37545	93
257	258	37434	83
257	292	37568	86
258	223	37249	95
258	257	37345	88
258	259	37403	93
258	293	37452	84
259	224	37473	82
259	258	37389	81
259	260	37485	80
259	294	37205	83
260	225	37406	100
260	259	37225	84
260	261	37440	92
260	295	37401	97
261	226	37600	83
261	260	37407	81
261	262	37363	91
261	296	37452	88
262	227	37539	87
262	261	37423	91
262	263	37302	93
262	297	37202	94
263	228	37475	83
263	262	37306	83
263	264	37494	100
263	298	37583	80
264	229	37425	93
264	263	37267	86
264	265	37256	100
264	299	37432	97
265	230	37254	100
265	264	37546	97
265	266	37532	89
265	300	37299	88
266	231	37543	88
266	265	37205	91
266	267	37512	92
266	301	37330	100
267	232	37561	85
267	266	37262	97
267	268	37534	94
267	302	37282	85
268	233	37249	88
268	267	37300	80
268	269	37481	97
268	303	37326	81
269	234	37533	100
269	268	37331	92
269	270	37289	86
269	304	37307	89
270	235	37480	89
270	269	37274	96
270	271	37575	92
270	305	37527	82
271	236	37402	82
271	270	37397	98
271	272	37394	83
271	306	37499	81
272	237	37226	85
272	271	37308	91
272	273	37555	93
272	307	37351	84
273	238	37241	93
273	272	37236	80
273	274	37278	100
273	308	37537	81
274	239	37339	80
274	273	37581	93
274	275	37437	86
274	309	37508	83
275	240	37450	81
275	274	37281	89
275	276	37380	86
275	310	37419	91
276	241	37300	86
276	275	37371	82
276	277	37342	88
276	311	37531	87
277	242	37393	80
277	276	37489	84
277	278	37477	95
277	312	37362	98
278	243	37331	97
278	277	37296	94
278	279	37497	97
278	313	37262	80
279	244	37391	82
279	278	37364	91
279	280	37559	96
279	314	37265	80
280	245	37461	86
280	279	37511	84
280	315	37587	93
281	246	37484	100
281	282	37260	100
281	316	37525	88
282	247	37257	98
282	281	37315	82
282	283	37539	87
282	317	37456	98
283	248	37456	88
283	282	37303	80
283	284	37397	93
283	318	37228	91
284	249	37417	82
284	283	37345	91
284	285	37397	81
284	319	37544	81
285	250	37560	99
285	284	37480	100
285	286	37223	89
285	320	37434	83
286	251	37429	86
286	285	37341	91
286	287	37565	96
286	321	37216	81
287	252	37566	81
287	286	37318	93
287	288	37370	92
287	322	37433	83
288	253	37503	86
288	287	37504	98
288	289	37338	98
288	323	37327	93
289	254	37508	89
289	288	37488	92
289	290	37220	91
289	324	37411	80
290	255	37493	85
290	289	37449	100
290	291	37385	87
290	325	37300	94
291	256	37484	87
291	290	37219	98
291	292	37397	85
291	326	37372	94
292	257	37479	94
292	291	37374	85
292	293	37315	80
292	327	37412	97
293	258	37508	100
293	292	37425	87
293	294	37201	100
293	328	37207	87
294	259	37289	94
294	293	37557	93
294	295	37392	92
294	329	37448	83
295	260	37516	91
295	294	37392	80
295	296	37401	87
295	330	37516	83
296	261	37375	99
296	295	37424	91
296	297	37600	94
296	331	37292	100
297	262	37511	94
297	296	37408	96
297	298	37572	89
297	332	37578	96
298	263	37446	88
298	297	37347	88
298	299	37254	98
298	333	37471	93
299	264	37472	97
299	298	37348	98
299	300	37585	100
299	334	37269	91
300	265	37235	98
300	299	37209	87
300	301	37566	100
300	335	37255	82
301	266	37399	86
301	300	37204	98
301	302	37247	92
301	336	37336	84
302	267	37434	88
302	301	37310	96
302	303	37558	80
302	337	37496	100
303	268	37516	80
303	302	37571	86
303	304	37288	84
303	338	37214	91
304	269	37565	96
304	303	37222	84
304	305	37328	88
304	339	37430	91
305	270	37427	80
305	304	37277	89
305	306	37300	94
305	340	37599	94
306	271	37212	98
306	305	37401	80
306	307	37463	89
306	341	37417	88
307	272	37412	82
307	306	37369	94
307	308	37430	96
307	342	37365	97
308	273	37391	95
308	307	37542	99
308	309	37401	85
308	343	37240	97
309	274	37481	80
309	308	37443	86
309	310	37414	83
309	344	37238	96
310	275	37281	81
310	309	37287	99
310	311	37548	83
310	345	37548	94
311	276	37377	84
311	310	37527	95
311	312	37368	94
311	346	37415	89
312	277	37499	98
312	311	37283	81
312	313	37542	87
312	347	37251	92
313	278	37523	88
313	312	37515	85
313	314	37529	97
313	348	37533	85
314	279	37528	98
314	313	37393	84
314	315	37464	80
314	349	37269	89
315	280	37330	92
315	314	37350	83
315	350	37340	89
316	281	37390	93
316	317	37293	84
316	351	37249	97
317	282	37206	89
317	316	37423	100
317	318	37242	87
317	352	37556	100
318	283	37494	92
318	317	37217	85
318	319	37284	84
318	353	37561	98
319	284	37583	100
319	318	37281	88
319	320	37343	87
319	354	37321	91
320	285	37319	82
320	319	37495	84
320	321	37239	84
320	355	37378	80
321	286	37596	97
321	320	37356	97
321	322	37305	95
321	356	37329	99
322	287	37519	84
322	321	37528	95
322	323	37367	99
322	357	37292	100
323	288	37449	94
323	322	37449	82
323	324	37291	91
323	358	37345	86
324	289	37461	97
324	323	37565	87
324	325	37322	86
324	359	37396	83
325	290	37309	94
325	324	37346	100
325	326	37406	100
325	360	37345	80
326	291	37418	98
326	325	37263	80
326	327	37335	93
326	361	37597	84
327	292	37424	82
327	326	37460	96
327	328	37300	99
327	362	37401	95
328	293	37355	92
328	327	37316	84
328	329	37487	92
328	363	37466	83
329	294	37586	97
329	328	37430	91
329	330	37517	99
329	364	37514	98
330	295	37468	81
330	329	37420	93
330	331	37538	94
330	365	37252	81
331	296	37545	80
331	330	37466	100
331	332	37398	97
331	366	37395	92
332	297	37275	100
332	331	37395	98
332	333	37298	82
332	367	37236	84
333	298	37570	92
333	332	37240	93
333	334	37535	93
333	368	37398	82
334	299	37253	94
334	333	37455	87
334	335	37563	82
334	369	37443	92
335	300	37567	81
335	334	37537	89
335	336	37568	93
335	370	37404	100
336	301	37428	84
336	335	37228	80
336	337	37581	85
336	371	37293	82
337	302	37543	97
337	336	37448	98
337	338	37338	84
337	372	37254	84
338	303	37314	86
338	337	37529	93
338	339	37489	95
338	373	37217	95
339	304	37418	99
339	338	37514	97
339	340	37391	99
339	374	37530	88
340	305	37203	96
340	339	37275	89
340	341	37279	95
340	375	37409	81
341	306	37389	94
341	340	37222	92
341	342	37228	84
341	376	37491	91
342	307	37203	95
342	341	37559	92
342	343	37533	82
342	377	37336	96
343	308	37247	95
343	342	37252	81
343	344	37305	99
343	378	37351	87
344	309	37226	97
344	343	37271	100
344	345	37497	91
344	379	37594	86
345	310	37436	80
345	344	37270	91
345	346	37587	87
345	380	37317	93
346	311	37529	92
346	345	37466	85
346	347	37305	94
346	381	37320	91
347	312	37472	80
347	346	37277	96
347	348	37447	83
347	382	37368	83
348	313	37403	86
348	347	37286	93
348	349	37558	93
348	383	37544	96
349	314	37306	81
349	348	37297	91
349	350	37322	96
349	384	37389	98
350	315	37211	81
350	349	37429	83
350	385	37452	97
351	316	37302	80
351	352	37235	95
351	386	37431	92
352	317	37308	96
352	351	37255	92
352	353	37376	99
352	387	37569	91
353	318	37449	84
353	352	37290	97
353	354	37570	91
353	388	37447	84
354	319	37519	99
354	353	37262	97
354	355	37525	91
354	389	37329	92
355	320	37310	82
355	354	37477	86
355	356	37247	96
355	390	37526	87
356	321	37381	86
356	355	37311	99
356	357	37370	81
356	391	37599	85
357	322	37469	96
357	356	37454	97
357	358	37394	97
357	392	37358	87
358	323	37491	95
358	357	37242	100
358	359	37356	93
358	393	37406	96
359	324	37358	82
359	358	37552	98
359	360	37441	91
359	394	37589	92
360	325	37211	86
360	359	37512	83
360	361	37443	100
360	395	37535	94
361	326	37486	85
361	360	37491	93
361	362	37390	97
361	396	37213	86
362	327	37228	83
362	361	37433	88
362	363	37249	95
362	397	37302	87
363	328	37264	96
363	362	37395	80
363	364	37422	81
363	398	37319	96
364	329	37446	100
364	363	37353	97
364	365	37537	93
364	399	37269	98
365	330	37381	82
365	364	37544	98
365	366	37266	89
365	400	37586	92
366	331	37447	82
366	365	37589	89
366	367	37456	81
366	401	37518	83
367	332	37533	86
367	366	37286	82
367	368	37313	82
367	402	37529	88
368	333	37485	97
368	367	37308	92
368	369	37528	86
368	403	37471	84
369	334	37498	99
369	368	37492	96
369	370	37477	94
369	404	37294	98
370	335	37243	93
370	369	37363	92
370	371	37589	94
370	405	37258	92
371	336	37563	86
371	370	37367	88
371	372	37411	92
371	406	37202	89
372	337	37531	85
372	371	37473	81
372	373	37275	95
372	407	37441	87
373	338	37500	100
373	372	37203	92
373	374	37273	87
373	408	37247	80
374	339	37339	92
374	373	37357	96
374	375	37466	85
374	409	37482	99
375	340	37292	86
375	374	37491	96
375	376	37434	99
375	410	37339	89
376	341	37439	93
376	375	37417	91
376	377	37471	87
376	411	37363	96
377	342	37211	91
377	376	37579	100
377	378	37550	100
377	412	37500	92
378	343	37334	98
378	377	37372	87
378	379	37567	85
378	413	37556	95
379	344	37244	95
379	378	37474	81
379	380	37369	100
379	414	37209	95
380	345	37565	88
380	379	37237	84
380	381	37291	84
380	415	37347	100
381	346	37471	87
381	380	37209	80
381	382	37301	95
381	416	37498	99
382	347	37355	89
382	381	37459	93
382	383	37478	85
382	417	37501	81
383	348	37388	83
383	382	37343	96
383	384	37527	97
383	418	37397	88
384	349	37218	86
384	383	37400	91
384	385	37247	92
384	419	37287	89
385	350	37387	99
385	384	37421	87
385	420	37265	94
386	351	37530	83
386	387	37306	95
386	421	37367	84
387	352	37545	97
387	386	37444	96
387	388	37580	94
387	422	37586	81
388	353	37387	82
388	387	37259	87
388	389	37511	92
388	423	37400	91
389	354	37231	82
389	388	37506	81
389	390	37578	85
389	424	37328	82
390	355	37577	93
390	389	37380	93
390	391	37318	97
390	425	37597	88
391	356	37321	83
391	390	37467	94
391	392	37215	100
391	426	37403	98
392	357	37250	91
392	391	37568	84
392	393	37407	86
392	427	37204	89
393	358	37371	86
393	392	37407	80
393	394	37428	91
393	428	37280	100
394	359	37416	96
394	393	37372	84
394	395	37401	89
394	429	37244	100
395	360	37221	100
395	394	37457	88
395	396	37280	100
395	430	37357	95
396	361	37491	93
396	395	37563	92
396	397	37372	93
396	431	37503	80
397	362	37278	85
397	396	37324	80
397	398	37538	86
397	432	37513	92
398	363	37462	91
398	397	37424	92
398	399	37490	91
398	433	37459	84
399	364	37364	98
399	398	37358	87
399	400	37600	98
399	434	37221	100
400	365	37402	95
400	399	37203	93
400	401	37426	80
400	435	37565	86
401	366	37296	98
401	400	37572	83
401	402	37372	86
401	436	37201	95
402	367	37535	97
402	401	37298	80
402	403	37500	85
402	437	37286	81
403	368	37231	97
403	402	37417	86
403	404	37292	87
403	438	37431	99
404	369	37248	91
404	403	37414	84
404	405	37589	88
404	439	37477	80
405	370	37352	82
405	404	37496	88
405	406	37310	86
405	440	37503	86
406	371	37456	96
406	405	37248	82
406	407	37371	87
406	441	37521	99
407	372	37310	100
407	406	37239	80
407	408	37211	96
407	442	37334	82
408	373	37516	98
408	407	37541	88
408	409	37534	96
408	443	37206	87
409	374	37409	83
409	408	37321	91
409	410	37495	93
409	444	37418	100
410	375	37490	97
410	409	37471	100
410	411	37522	89
410	445	37361	82
411	376	37548	83
411	410	37234	80
411	412	37202	87
411	446	37439	100
412	377	37362	80
412	411	37597	91
412	413	37438	97
412	447	37238	91
413	378	37511	96
413	412	37204	94
413	414	37488	91
413	448	37227	88
414	379	37599	85
414	413	37557	92
414	415	37298	80
414	449	37448	97
415	380	37402	80
415	414	37266	95
415	416	37351	84
415	450	37267	93
416	381	37465	82
416	415	37311	95
416	417	37228	95
416	451	37238	87
417	382	37438	93
417	416	37480	97
417	418	37511	100
417	452	37553	100
418	383	37488	80
418	417	37539	82
418	419	37422	83
418	453	37327	84
419	384	37485	83
419	418	37305	89
419	420	37232	95
419	454	37600	93
420	385	37273	100
420	419	37582	100
420	455	37435	80
421	386	37491	94
421	422	37551	100
421	456	37316	84
422	387	37303	96
422	421	37600	87
422	423	37463	95
422	457	37343	96
423	388	37244	100
423	422	37291	81
423	424	37220	91
423	458	37278	80
424	389	37561	98
424	423	37532	94
424	425	37457	95
424	459	37526	80
425	390	37242	84
425	424	37559	94
425	426	37246	89
425	460	37361	93
426	391	37369	98
426	425	37414	88
426	427	37273	80
426	461	37438	86
427	392	37592	87
427	426	37431	92
427	428	37289	84
427	462	37315	88
428	393	37443	86
428	427	37519	91
428	429	37559	80
428	463	37528	100
429	394	37332	94
429	428	37327	85
429	430	37404	91
429	464	37591	94
430	395	37427	80
430	429	37325	89
430	431	37363	96
430	465	37486	81
431	396	37222	94
431	430	37488	84
431	432	37281	88
431	466	37204	95
432	397	37222	92
432	431	37229	81
432	433	37241	98
432	467	37489	83
433	398	37545	91
433	432	37255	94
433	434	37236	93
433	468	37564	92
434	399	37260	95
434	433	37400	82
434	435	37325	99
434	469	37393	99
435	400	37264	93
435	434	37503	98
435	436	37346	87
435	470	37437	95
436	401	37332	94
436	435	37390	85
436	437	37536	93
436	471	37480	93
437	402	37320	100
437	436	37426	100
437	438	37541	86
437	472	37471	82
438	403	37565	93
438	437	37292	84
438	439	37547	98
438	473	37555	92
439	404	37280	100
439	438	37266	91
439	440	37440	80
439	474	37462	92
440	405	37548	95
440	439	37245	100
440	441	37299	89
440	475	37589	94
441	406	37348	85
441	440	37398	84
441	442	37547	82
441	476	37579	93
442	407	37207	92
442	441	37293	84
442	443	37264	95
442	477	37515	87
443	408	37306	86
443	442	37364	98
443	444	37380	92
443	478	37531	95
444	409	37435	96
444	443	37595	88
444	445	37257	82
444	479	37372	94
445	410	37224	81
445	444	37254	96
445	446	37369	98
445	480	37288	95
446	411	37263	88
446	445	37379	84
446	447	37404	91
446	481	37405	96
447	412	37507	96
447	446	37438	81
447	448	37290	96
447	482	37353	81
448	413	37595	86
448	447	37454	100
448	449	37255	94
448	483	37303	89
449	414	37496	83
449	448	37450	84
449	450	37255	99
449	484	37379	83
450	415	37476	85
450	449	37465	87
450	451	37446	93
450	485	37402	95
451	416	37423	97
451	450	37223	99
451	452	37252	80
451	486	37543	88
452	417	37323	88
452	451	37500	85
452	453	37513	100
452	487	37425	96
453	418	37311	84
453	452	37467	85
453	454	37235	87
453	488	37462	86
454	419	37503	94
454	453	37251	96
454	455	37460	82
454	489	37577	99
455	420	37225	85
455	454	37206	99
455	490	37359	85
456	421	37470	98
456	457	37454	93
456	491	37520	85
457	422	37468	92
457	456	37596	84
457	458	37273	99
457	492	37259	99
458	423	37574	96
458	457	37429	87
458	459	37366	98
458	493	37276	93
459	424	37365	91
459	458	37343	96
459	460	37358	83
459	494	37272	99
460	425	37360	94
460	459	37509	100
460	461	37209	99
460	495	37463	82
461	426	37432	91
461	460	37346	92
461	462	37483	89
461	496	37505	100
462	427	37220	99
462	461	37300	99
462	463	37503	87
462	497	37562	98
463	428	37375	100
463	462	37303	89
463	464	37397	88
463	498	37358	100
464	429	37515	93
464	463	37290	83
464	465	37453	86
464	499	37291	91
465	430	37435	82
465	464	37320	96
465	466	37599	84
465	500	37459	84
466	431	37456	96
466	465	37478	88
466	467	37217	97
466	501	37471	97
467	432	37252	96
467	466	37509	86
467	468	37292	80
467	502	37297	80
468	433	37441	95
468	467	37550	81
468	469	37539	95
468	503	37227	82
469	434	37280	83
469	468	37532	95
469	470	37280	95
469	504	37599	85
470	435	37547	83
470	469	37396	100
470	471	37523	91
470	505	37551	88
471	436	37551	92
471	470	37300	89
471	472	37422	97
471	506	37471	93
472	437	37364	98
472	471	37581	97
472	473	37359	89
472	507	37205	91
473	438	37390	83
473	472	37214	80
473	474	37435	82
473	508	37476	96
474	439	37591	80
474	473	37366	92
474	475	37203	87
474	509	37385	93
475	440	37276	98
475	474	37563	98
475	476	37443	99
475	510	37465	87
476	441	37368	81
476	475	37478	86
476	477	37398	84
476	511	37523	88
477	442	37260	87
477	476	37466	82
477	478	37479	85
477	512	37565	98
478	443	37371	89
478	477	37231	88
478	479	37255	88
478	513	37446	94
479	444	37525	98
479	478	37373	98
479	480	37538	88
479	514	37509	88
480	445	37447	94
480	479	37595	85
480	481	37577	89
480	515	37487	95
481	446	37505	96
481	480	37506	86
481	482	37376	98
481	516	37518	86
482	447	37204	95
482	481	37416	88
482	483	37339	98
482	517	37340	95
483	448	37544	83
483	482	37453	96
483	484	37266	82
483	518	37535	85
484	449	37552	81
484	483	37589	93
484	485	37310	95
484	519	37268	93
485	450	37512	96
485	484	37319	92
485	486	37295	80
485	520	37208	99
486	451	37589	91
486	485	37575	92
486	487	37432	86
486	521	37263	99
487	452	37572	95
487	486	37215	100
487	488	37217	85
487	522	37422	95
488	453	37244	87
488	487	37473	92
488	489	37548	86
488	523	37348	98
489	454	37490	92
489	488	37509	84
489	490	37256	80
489	524	37384	95
490	455	37260	97
490	489	37242	100
490	525	37475	81
491	456	37445	96
491	492	37299	87
491	526	37417	98
492	457	37455	86
492	491	37251	92
492	493	37341	96
492	527	37468	99
493	458	37234	95
493	492	37570	92
493	494	37316	87
493	528	37549	89
494	459	37581	91
494	493	37519	98
494	495	37234	85
494	529	37284	85
495	460	37424	96
495	494	37204	83
495	496	37505	97
495	530	37207	85
496	461	37573	85
496	495	37550	99
496	497	37572	88
496	531	37446	86
497	462	37350	97
497	496	37389	84
497	498	37391	92
497	532	37227	92
498	463	37345	86
498	497	37260	96
498	499	37262	87
498	533	37346	97
499	464	37300	95
499	498	37595	83
499	500	37322	100
499	534	37577	80
500	465	37540	100
500	499	37547	95
500	501	37422	88
500	535	37587	91
501	466	37368	82
501	500	37322	84
501	502	37486	93
501	536	37301	94
502	467	37226	96
502	501	37478	91
502	503	37476	86
502	537	37303	82
503	468	37238	85
503	502	37260	96
503	504	37474	87
503	538	37214	89
504	469	37354	85
504	503	37419	85
504	505	37387	87
504	539	37427	92
505	470	37301	87
505	504	37597	81
505	506	37594	96
505	540	37348	100
506	471	37553	87
506	505	37319	98
506	507	37247	80
506	541	37513	97
507	472	37539	88
507	506	37476	87
507	508	37533	81
507	542	37546	91
508	473	37489	99
508	507	37343	95
508	509	37419	80
508	543	37307	92
509	474	37349	88
509	508	37204	80
509	510	37577	85
509	544	37210	94
510	475	37559	87
510	509	37252	93
510	511	37224	99
510	545	37464	85
511	476	37518	96
511	510	37209	89
511	512	37567	89
511	546	37394	85
512	477	37347	91
512	511	37343	84
512	513	37380	96
512	547	37422	81
513	478	37554	82
513	512	37346	96
513	514	37219	93
513	548	37249	95
514	479	37426	86
514	513	37322	87
514	515	37392	81
514	549	37221	91
515	480	37556	95
515	514	37359	82
515	516	37388	85
515	550	37222	82
516	481	37307	88
516	515	37545	95
516	517	37491	96
516	551	37274	99
517	482	37447	85
517	516	37285	96
517	518	37478	99
517	552	37396	92
518	483	37543	97
518	517	37396	91
518	519	37521	88
518	553	37285	92
519	484	37547	88
519	518	37415	84
519	520	37408	100
519	554	37388	85
520	485	37577	86
520	519	37222	83
520	521	37581	95
520	555	37521	82
521	486	37300	87
521	520	37398	87
521	522	37328	94
521	556	37396	92
522	487	37348	96
522	521	37416	95
522	523	37212	82
522	557	37232	87
523	488	37352	85
523	522	37303	94
523	524	37481	92
523	558	37592	83
524	489	37439	82
524	523	37448	87
524	525	37538	92
524	559	37424	86
525	490	37374	93
525	524	37422	87
525	560	37417	97
526	491	37467	97
526	527	37382	88
526	561	37250	98
527	492	37552	85
527	526	37573	88
527	528	37244	84
527	562	37233	80
528	493	37360	80
528	527	37527	98
528	529	37305	83
528	563	37346	85
529	494	37358	80
529	528	37502	91
529	530	37570	82
529	564	37504	91
530	495	37315	100
530	529	37340	82
530	531	37339	88
530	565	37338	89
531	496	37559	91
531	530	37597	86
531	532	37565	95
531	566	37554	100
532	497	37542	84
532	531	37529	96
532	533	37564	86
532	567	37537	95
533	498	37596	97
533	532	37379	85
533	534	37478	92
533	568	37257	82
534	499	37562	100
534	533	37319	91
534	535	37315	81
534	569	37345	94
535	500	37436	87
535	534	37224	88
535	536	37567	98
535	570	37401	100
536	501	37323	87
536	535	37228	81
536	537	37431	97
536	571	37591	99
537	502	37415	81
537	536	37233	81
537	538	37229	93
537	572	37201	88
538	503	37317	95
538	537	37321	83
538	539	37458	98
538	573	37210	81
539	504	37421	95
539	538	37253	98
539	540	37471	94
539	574	37347	81
540	505	37242	87
540	539	37396	80
540	541	37400	98
540	575	37479	93
541	506	37438	97
541	540	37248	87
541	542	37543	86
541	576	37421	87
542	507	37214	92
542	541	37535	86
542	543	37219	92
542	577	37397	96
543	508	37433	81
543	542	37217	93
543	544	37310	98
543	578	37249	80
544	509	37535	89
544	543	37397	85
544	545	37291	86
544	579	37421	91
545	510	37395	93
545	544	37466	95
545	546	37381	95
545	580	37412	87
546	511	37405	92
546	545	37466	95
546	547	37402	85
546	581	37544	100
547	512	37525	97
547	546	37227	92
547	548	37383	100
547	582	37303	84
548	513	37386	88
548	547	37440	97
548	549	37503	92
548	583	37334	100
549	514	37375	80
549	548	37230	86
549	550	37592	91
549	584	37533	91
550	515	37215	97
550	549	37386	95
550	551	37411	84
550	585	37512	81
551	516	37536	88
551	550	37424	89
551	552	37505	88
551	586	37491	89
552	517	37372	83
552	551	37226	87
552	553	37460	87
552	587	37486	96
553	518	37477	92
553	552	37442	81
553	554	37367	81
553	588	37251	84
554	519	37589	85
554	553	37388	84
554	555	37304	84
554	589	37237	83
555	520	37536	82
555	554	37430	92
555	556	37453	89
555	590	37431	89
556	521	37518	100
556	555	37399	89
556	557	37266	91
556	591	37545	80
557	522	37456	86
557	556	37209	80
557	558	37486	87
557	592	37399	99
558	523	37543	99
558	557	37231	86
558	559	37442	88
558	593	37379	87
559	524	37479	85
559	558	37399	81
559	560	37421	83
559	594	37430	92
560	525	37344	94
560	559	37396	84
560	595	37350	100
561	526	37227	82
561	562	37579	81
561	596	37291	92
562	527	37568	100
562	561	37217	84
562	563	37414	91
562	597	37392	85
563	528	37336	83
563	562	37574	96
563	564	37254	95
563	598	37464	95
564	529	37268	91
564	563	37528	99
564	565	37519	97
564	599	37297	98
565	530	37320	85
565	564	37346	80
565	566	37468	88
565	600	37557	85
566	531	37323	82
566	565	37412	91
566	567	37313	96
566	601	37315	100
567	532	37301	87
567	566	37480	80
567	568	37533	99
567	602	37589	80
568	533	37367	97
568	567	37356	99
568	569	37504	98
568	603	37274	88
569	534	37210	96
569	568	37268	85
569	570	37355	85
569	604	37229	85
570	535	37399	100
570	569	37598	81
570	571	37567	94
570	605	37265	94
571	536	37305	100
571	570	37430	87
571	572	37420	91
571	606	37417	94
572	537	37455	87
572	571	37579	96
572	573	37208	87
572	607	37444	93
573	538	37532	97
573	572	37556	100
573	574	37332	80
573	608	37534	91
574	539	37437	93
574	573	37353	91
574	575	37578	92
574	609	37372	91
575	540	37418	83
575	574	37481	93
575	576	37305	99
575	610	37323	84
576	541	37486	86
576	575	37348	87
576	577	37437	85
576	611	37315	94
577	542	37326	84
577	576	37424	81
577	578	37398	97
577	612	37558	82
578	543	37314	89
578	577	37267	88
578	579	37469	87
578	613	37485	98
579	544	37460	83
579	578	37265	99
579	580	37309	85
579	614	37463	97
580	545	37277	80
580	579	37353	93
580	581	37542	91
580	615	37239	91
581	546	37409	80
581	580	37383	89
581	582	37511	85
581	616	37288	87
582	547	37201	86
582	581	37591	97
582	583	37331	98
582	617	37422	96
583	548	37455	86
583	582	37437	97
583	584	37340	83
583	618	37223	89
584	549	37361	89
584	583	37270	97
584	585	37471	80
584	619	37462	98
585	550	37224	96
585	584	37496	88
585	586	37238	96
585	620	37470	80
586	551	37205	92
586	585	37288	82
586	587	37279	96
586	621	37217	91
587	552	37282	96
587	586	37527	96
587	588	37537	92
587	622	37467	84
588	553	37435	88
588	587	37211	99
588	589	37415	91
588	623	37570	96
589	554	37293	84
589	588	37222	84
589	590	37403	95
589	624	37454	80
590	555	37426	86
590	589	37482	97
590	591	37498	100
590	625	37374	87
591	556	37517	97
591	590	37388	89
591	592	37523	92
591	626	37593	95
592	557	37211	85
592	591	37576	95
592	593	37466	93
592	627	37545	82
593	558	37264	98
593	592	37273	82
593	594	37341	80
593	628	37444	88
594	559	37201	89
594	593	37310	97
594	595	37494	93
594	629	37513	86
595	560	37493	82
595	594	37451	84
595	630	37254	87
596	561	37378	82
596	597	37267	98
596	631	37300	99
597	562	37258	83
597	596	37210	87
597	598	37564	83
597	632	37456	91
598	563	37344	97
598	597	37553	83
598	599	37560	96
598	633	37369	94
599	564	37345	80
599	598	37423	89
599	600	37343	95
599	634	37366	86
600	565	37472	98
600	599	37229	93
600	601	37493	84
600	635	37306	94
601	566	37223	91
601	600	37282	97
601	602	37447	85
601	636	37331	86
602	567	37513	94
602	601	37246	92
602	603	37269	85
602	637	37570	97
603	568	37349	88
603	602	37311	88
603	604	37252	84
603	638	37460	83
604	569	37350	85
604	603	37235	85
604	605	37548	85
604	639	37553	96
605	570	37439	86
605	604	37220	85
605	606	37442	99
605	640	37254	95
606	571	37408	87
606	605	37596	92
606	607	37287	99
606	641	37383	100
607	572	37276	84
607	606	37253	96
607	608	37510	97
607	642	37386	81
608	573	37346	93
608	607	37413	87
608	609	37303	100
608	643	37287	85
609	574	37279	86
609	608	37478	80
609	610	37408	83
609	644	37434	100
610	575	37296	82
610	609	37529	91
610	611	37211	83
610	645	37293	92
611	576	37216	84
611	610	37440	84
611	612	37355	98
611	646	37567	97
612	577	37251	100
612	611	37563	94
612	613	37294	99
612	647	37291	89
613	578	37465	84
613	612	37350	96
613	614	37381	100
613	648	37375	98
614	579	37405	100
614	613	37279	89
614	615	37330	86
614	649	37443	92
615	580	37231	88
615	614	37234	96
615	616	37433	99
615	650	37453	91
616	581	37440	86
616	615	37513	99
616	617	37572	92
616	651	37335	96
617	582	37311	87
617	616	37226	100
617	618	37224	85
617	652	37333	97
618	583	37570	98
618	617	37435	95
618	619	37471	93
618	653	37490	95
619	584	37404	84
619	618	37414	83
619	620	37437	85
619	654	37367	83
620	585	37322	83
620	619	37374	85
620	621	37353	94
620	655	37225	88
621	586	37580	100
621	620	37236	99
621	622	37475	96
621	656	37362	89
622	587	37284	94
622	621	37589	100
622	623	37450	83
622	657	37254	97
623	588	37489	99
623	622	37225	83
623	624	37365	83
623	658	37558	84
624	589	37388	93
624	623	37386	80
624	625	37469	85
624	659	37453	87
625	590	37330	80
625	624	37505	81
625	626	37404	88
625	660	37566	97
626	591	37351	85
626	625	37392	85
626	627	37526	88
626	661	37363	86
627	592	37360	95
627	626	37434	99
627	628	37567	89
627	662	37248	98
628	593	37264	89
628	627	37370	86
628	629	37216	88
628	663	37450	88
629	594	37565	89
629	628	37201	98
629	630	37454	91
629	664	37549	81
630	595	37532	87
630	629	37597	86
630	665	37245	85
631	596	37510	96
631	632	37465	89
631	666	37372	97
632	597	37595	87
632	631	37282	88
632	633	37360	83
632	667	37377	81
633	598	37203	91
633	632	37431	91
633	634	37286	96
633	668	37584	92
634	599	37298	97
634	633	37461	97
634	635	37395	98
634	669	37516	97
635	600	37493	97
635	634	37498	85
635	636	37270	97
635	670	37591	93
636	601	37454	95
636	635	37582	97
636	637	37317	93
636	671	37539	89
637	602	37407	85
637	636	37450	93
637	638	37539	99
637	672	37458	86
638	603	37486	84
638	637	37455	80
638	639	37571	94
638	673	37263	100
639	604	37349	92
639	638	37492	100
639	640	37312	88
639	674	37308	89
640	605	37251	91
640	639	37391	92
640	641	37263	99
640	675	37517	86
641	606	37217	80
641	640	37247	98
641	642	37467	86
641	676	37418	99
642	607	37494	88
642	641	37531	85
642	643	37395	99
642	677	37211	80
643	608	37327	94
643	642	37469	88
643	644	37253	98
643	678	37461	99
644	609	37246	84
644	643	37530	100
644	645	37457	98
644	679	37555	93
645	610	37489	92
645	644	37298	95
645	646	37559	92
645	680	37304	100
646	611	37377	85
646	645	37389	92
646	647	37363	81
646	681	37435	91
647	612	37435	91
647	646	37468	85
647	648	37522	83
647	682	37354	96
648	613	37499	99
648	647	37440	97
648	649	37543	100
648	683	37526	84
649	614	37394	91
649	648	37466	92
649	650	37299	80
649	684	37249	94
650	615	37416	88
650	649	37477	100
650	651	37579	100
650	685	37568	100
651	616	37219	89
651	650	37439	96
651	652	37371	92
651	686	37309	82
652	617	37525	100
652	651	37440	84
652	653	37398	81
652	687	37583	82
653	618	37265	89
653	652	37252	93
653	654	37218	81
653	688	37527	98
654	619	37370	87
654	653	37245	96
654	655	37406	86
654	689	37447	86
655	620	37414	92
655	654	37495	96
655	656	37323	94
655	690	37317	97
656	621	37540	98
656	655	37370	94
656	657	37582	86
656	691	37210	94
657	622	37453	91
657	656	37242	81
657	658	37343	99
657	692	37208	82
658	623	37325	85
658	657	37388	95
658	659	37515	95
658	693	37366	96
659	624	37598	86
659	658	37358	94
659	660	37220	96
659	694	37287	92
660	625	37313	95
660	659	37247	82
660	661	37391	96
660	695	37472	91
661	626	37572	98
661	660	37359	89
661	662	37247	92
661	696	37201	80
662	627	37345	91
662	661	37305	85
662	663	37536	86
662	697	37522	91
663	628	37434	97
663	662	37415	94
663	664	37479	82
663	698	37295	80
664	629	37414	86
664	663	37511	100
664	665	37303	87
664	699	37263	81
665	630	37352	84
665	664	37513	89
665	700	37300	96
666	631	37311	92
666	667	37520	86
666	701	37340	95
667	632	37308	96
667	666	37470	93
667	668	37530	84
667	702	37363	91
668	633	37535	81
668	667	37435	99
668	669	37268	93
668	703	37276	98
669	634	37427	89
669	668	37560	89
669	670	37486	98
669	704	37452	80
670	635	37516	92
670	669	37286	97
670	671	37220	87
670	705	37440	85
671	636	37328	98
671	670	37569	81
671	672	37479	88
671	706	37260	98
672	637	37495	98
672	671	37270	99
672	673	37600	94
672	707	37380	85
673	638	37561	86
673	672	37268	98
673	674	37284	81
673	708	37409	85
674	639	37207	99
674	673	37466	99
674	675	37540	93
674	709	37398	85
675	640	37201	91
675	674	37235	99
675	676	37519	100
675	710	37378	100
676	641	37387	81
676	675	37279	91
676	677	37287	82
676	711	37436	87
677	642	37232	85
677	676	37473	87
677	678	37520	95
677	712	37555	96
678	643	37431	92
678	677	37433	80
678	679	37352	95
678	713	37507	94
679	644	37291	91
679	678	37586	81
679	680	37373	85
679	714	37248	93
680	645	37211	93
680	679	37512	81
680	681	37411	91
680	715	37280	91
681	646	37353	80
681	680	37293	91
681	682	37283	94
681	716	37445	99
682	647	37440	95
682	681	37463	82
682	683	37357	91
682	717	37211	86
683	648	37572	87
683	682	37301	81
683	684	37507	83
683	718	37516	100
684	649	37386	86
684	683	37435	96
684	685	37303	99
684	719	37225	100
685	650	37470	95
685	684	37324	86
685	686	37226	99
685	720	37475	84
686	651	37535	94
686	685	37576	100
686	687	37332	81
686	721	37352	89
687	652	37275	96
687	686	37258	97
687	688	37575	80
687	722	37386	87
688	653	37205	86
688	687	37381	85
688	689	37400	82
688	723	37505	92
689	654	37411	89
689	688	37495	84
689	690	37218	80
689	724	37523	83
690	655	37511	86
690	689	37384	100
690	691	37384	89
690	725	37220	86
691	656	37339	92
691	690	37597	80
691	692	37273	84
691	726	37276	84
692	657	37279	96
692	691	37203	87
692	693	37288	98
692	727	37330	100
693	658	37342	88
693	692	37314	81
693	694	37592	89
693	728	37209	100
694	659	37510	94
694	693	37541	97
694	695	37593	82
694	729	37206	99
695	660	37265	99
695	694	37558	94
695	696	37584	89
695	730	37466	83
696	661	37593	80
696	695	37322	91
696	697	37357	84
696	731	37533	86
697	662	37407	91
697	696	37319	92
697	698	37596	83
697	732	37334	98
698	663	37270	84
698	697	37595	84
698	699	37269	98
698	733	37450	83
699	664	37558	92
699	698	37339	85
699	700	37233	86
699	734	37546	86
700	665	37551	96
700	699	37375	93
700	735	37250	80
701	666	37223	84
701	702	37387	85
701	736	37330	85
702	667	37443	80
702	701	37341	99
702	703	37375	83
702	737	37438	91
703	668	37401	80
703	702	37290	89
703	704	37385	87
703	738	37544	94
704	669	37535	81
704	703	37470	93
704	705	37229	86
704	739	37268	89
705	670	37510	96
705	704	37232	96
705	706	37547	92
705	740	37496	95
706	671	37561	93
706	705	37556	89
706	707	37305	91
706	741	37553	96
707	672	37501	91
707	706	37514	80
707	708	37420	85
707	742	37431	87
708	673	37242	98
708	707	37401	94
708	709	37423	97
708	743	37426	93
709	674	37235	93
709	708	37566	88
709	710	37484	82
709	744	37347	94
710	675	37443	88
710	709	37443	81
710	711	37487	81
710	745	37267	93
711	676	37262	95
711	710	37411	85
711	712	37496	81
711	746	37565	81
712	677	37400	96
712	711	37565	96
712	713	37302	81
712	747	37441	83
713	678	37324	93
713	712	37255	99
713	714	37378	91
713	748	37245	85
714	679	37296	95
714	713	37453	80
714	715	37341	88
714	749	37399	81
715	680	37403	86
715	714	37416	82
715	716	37455	81
715	750	37264	85
716	681	37391	91
716	715	37302	94
716	717	37255	91
716	751	37522	91
717	682	37327	80
717	716	37405	94
717	718	37244	89
717	752	37430	95
718	683	37293	93
718	717	37274	93
718	719	37338	82
718	753	37313	89
719	684	37320	82
719	718	37365	98
719	720	37596	91
719	754	37255	93
720	685	37389	100
720	719	37309	84
720	721	37342	98
720	755	37548	86
721	686	37500	84
721	720	37445	85
721	722	37382	80
721	756	37474	96
722	687	37221	96
722	721	37279	81
722	723	37441	80
722	757	37565	94
723	688	37537	91
723	722	37542	93
723	724	37530	96
723	758	37517	80
724	689	37208	98
724	723	37499	99
724	725	37344	87
724	759	37314	96
725	690	37248	84
725	724	37378	92
725	726	37221	82
725	760	37328	98
726	691	37331	97
726	725	37580	93
726	727	37561	89
726	761	37352	95
727	692	37354	96
727	726	37333	88
727	728	37423	80
727	762	37536	95
728	693	37551	83
728	727	37244	86
728	729	37214	96
728	763	37585	94
729	694	37579	97
729	728	37231	100
729	730	37379	81
729	764	37575	98
730	695	37592	99
730	729	37475	96
730	731	37204	80
730	765	37567	89
731	696	37302	92
731	730	37470	96
731	732	37250	96
731	766	37355	83
732	697	37261	100
732	731	37229	88
732	733	37525	82
732	767	37542	96
733	698	37556	91
733	732	37306	97
733	734	37303	87
733	768	37279	89
734	699	37333	95
734	733	37296	84
734	735	37524	82
734	769	37444	93
735	700	37584	91
735	734	37486	81
735	770	37248	93
736	701	37419	80
736	737	37371	94
736	771	37301	86
737	702	37521	82
737	736	37436	99
737	738	37539	93
737	772	37230	80
738	703	37328	88
738	737	37432	94
738	739	37304	83
738	773	37467	97
739	704	37369	96
739	738	37210	82
739	740	37335	89
739	774	37563	89
740	705	37558	93
740	739	37232	85
740	741	37554	85
740	775	37518	93
741	706	37568	92
741	740	37233	83
741	742	37246	97
741	776	37401	92
742	707	37518	86
742	741	37209	84
742	743	37313	99
742	777	37544	97
743	708	37333	81
743	742	37538	85
743	744	37464	83
743	778	37581	95
744	709	37483	94
744	743	37201	84
744	745	37371	85
744	779	37600	91
745	710	37204	92
745	744	37271	88
745	746	37394	88
745	780	37245	96
746	711	37323	99
746	745	37414	85
746	747	37489	99
746	781	37271	98
747	712	37409	94
747	746	37389	93
747	748	37510	87
747	782	37372	86
748	713	37534	82
748	747	37290	95
748	749	37527	94
748	783	37578	83
749	714	37585	88
749	748	37302	83
749	750	37354	80
749	784	37461	87
750	715	37228	92
750	749	37531	82
750	751	37521	82
750	785	37231	81
751	716	37433	95
751	750	37470	81
751	752	37288	92
751	786	37364	83
752	717	37478	91
752	751	37267	96
752	753	37512	92
752	787	37245	94
753	718	37541	95
753	752	37548	85
753	754	37597	83
753	788	37471	99
754	719	37599	81
754	753	37576	88
754	755	37517	94
754	789	37491	98
755	720	37539	80
755	754	37282	85
755	756	37340	98
755	790	37237	86
756	721	37593	80
756	755	37356	91
756	757	37260	91
756	791	37207	100
757	722	37221	96
757	756	37350	93
757	758	37349	81
757	792	37271	82
758	723	37536	100
758	757	37545	97
758	759	37246	80
758	793	37455	92
759	724	37405	83
759	758	37365	89
759	760	37386	82
759	794	37367	95
760	725	37517	81
760	759	37288	100
760	761	37592	84
760	795	37530	89
761	726	37347	94
761	760	37415	80
761	762	37438	85
761	796	37284	87
762	727	37325	88
762	761	37264	95
762	763	37395	98
762	797	37316	83
763	728	37507	89
763	762	37557	88
763	764	37573	100
763	798	37483	88
764	729	37492	99
764	763	37348	95
764	765	37469	93
764	799	37594	87
765	730	37262	93
765	764	37268	100
765	766	37542	96
765	800	37405	83
766	731	37282	91
766	765	37439	91
766	767	37214	81
766	801	37501	88
767	732	37567	99
767	766	37235	91
767	768	37326	81
767	802	37310	80
768	733	37224	99
768	767	37426	100
768	769	37245	97
768	803	37537	98
769	734	37377	80
769	768	37503	84
769	770	37443	86
769	804	37253	87
770	735	37409	82
770	769	37509	84
770	805	37368	96
771	736	37324	99
771	772	37403	97
771	806	37570	91
772	737	37397	85
772	771	37224	99
772	773	37523	95
772	807	37269	88
773	738	37509	94
773	772	37312	86
773	774	37228	93
773	808	37231	84
774	739	37477	81
774	773	37223	100
774	775	37440	82
774	809	37489	98
775	740	37588	88
775	774	37238	93
775	776	37377	95
775	810	37377	95
776	741	37514	94
776	775	37300	84
776	777	37560	97
776	811	37527	87
777	742	37544	89
777	776	37333	96
777	778	37521	93
777	812	37533	83
778	743	37379	97
778	777	37532	99
778	779	37296	92
778	813	37430	88
779	744	37518	93
779	778	37481	96
779	780	37249	95
779	814	37363	82
780	745	37235	92
780	779	37562	92
780	781	37315	87
780	815	37209	91
781	746	37371	94
781	780	37525	98
781	782	37381	96
781	816	37306	95
782	747	37539	84
782	781	37274	86
782	783	37527	83
782	817	37258	87
783	748	37568	100
783	782	37527	96
783	784	37427	99
783	818	37578	80
784	749	37593	86
784	783	37432	81
784	785	37225	83
784	819	37526	92
785	750	37401	97
785	784	37575	94
785	786	37206	94
785	820	37515	89
786	751	37447	91
786	785	37463	99
786	787	37370	87
786	821	37434	96
787	752	37364	99
787	786	37539	81
787	788	37411	83
787	822	37266	88
788	753	37550	96
788	787	37585	98
788	789	37436	94
788	823	37347	98
789	754	37284	95
789	788	37582	98
789	790	37516	86
789	824	37443	86
790	755	37349	88
790	789	37292	85
790	791	37593	87
790	825	37596	96
791	756	37394	85
791	790	37415	80
791	792	37449	84
791	826	37513	87
792	757	37244	85
792	791	37390	82
792	793	37453	96
792	827	37446	94
793	758	37561	82
793	792	37506	99
793	794	37400	85
793	828	37343	80
794	759	37488	96
794	793	37575	82
794	795	37351	98
794	829	37215	86
795	760	37463	97
795	794	37439	95
795	796	37386	94
795	830	37497	98
796	761	37240	87
796	795	37569	95
796	797	37390	93
796	831	37550	92
797	762	37314	96
797	796	37420	85
797	798	37368	100
797	832	37483	98
798	763	37365	88
798	797	37402	100
798	799	37428	86
798	833	37442	92
799	764	37541	83
799	798	37334	80
799	800	37512	86
799	834	37542	80
800	765	37383	96
800	799	37243	93
800	801	37218	89
800	835	37396	100
801	766	37412	83
801	800	37357	86
801	802	37404	81
801	836	37201	86
802	767	37379	85
802	801	37585	80
802	803	37496	81
802	837	37356	81
803	768	37411	85
803	802	37309	98
803	804	37414	83
803	838	37362	93
804	769	37244	86
804	803	37379	84
804	805	37219	86
804	839	37372	84
805	770	37365	87
805	804	37564	84
805	840	37410	97
806	771	37552	89
806	807	37284	84
806	841	37313	92
807	772	37358	83
807	806	37420	99
807	808	37522	94
807	842	37508	80
808	773	37223	80
808	807	37515	82
808	809	37369	82
808	843	37448	97
809	774	37232	100
809	808	37574	83
809	810	37375	96
809	844	37547	80
810	775	37260	100
810	809	37560	92
810	811	37434	85
810	845	37598	88
811	776	37402	94
811	810	37325	96
811	812	37439	100
811	846	37463	82
812	777	37268	80
812	811	37253	88
812	813	37334	87
812	847	37266	94
813	778	37505	95
813	812	37252	100
813	814	37580	87
813	848	37526	86
814	779	37250	89
814	813	37265	82
814	815	37239	82
814	849	37524	87
815	780	37448	91
815	814	37443	80
815	816	37489	93
815	850	37544	98
816	781	37325	87
816	815	37568	91
816	817	37392	96
816	851	37250	95
817	782	37543	100
817	816	37464	95
817	818	37310	95
817	852	37481	85
818	783	37346	94
818	817	37578	93
818	819	37207	85
818	853	37304	88
819	784	37201	81
819	818	37479	84
819	820	37217	82
819	854	37206	95
820	785	37463	97
820	819	37449	89
820	821	37323	84
820	855	37467	85
821	786	37363	80
821	820	37321	84
821	822	37536	100
821	856	37405	91
822	787	37235	96
822	821	37324	93
822	823	37401	86
822	857	37321	82
823	788	37498	86
823	822	37513	85
823	824	37430	82
823	858	37240	92
824	789	37299	92
824	823	37325	97
824	825	37284	89
824	859	37483	87
825	790	37537	95
825	824	37439	100
825	826	37317	88
825	860	37553	86
826	791	37577	96
826	825	37500	98
826	827	37487	80
826	861	37585	93
827	792	37563	92
827	826	37462	85
827	828	37452	87
827	862	37226	86
828	793	37247	88
828	827	37319	95
828	829	37459	85
828	863	37411	97
829	794	37249	80
829	828	37393	87
829	830	37451	96
829	864	37490	83
830	795	37251	82
830	829	37519	91
830	831	37580	85
830	865	37577	85
831	796	37449	100
831	830	37318	95
831	832	37570	86
831	866	37379	84
832	797	37365	97
832	831	37498	99
832	833	37312	94
832	867	37365	89
833	798	37538	89
833	832	37560	94
833	834	37329	85
833	868	37544	80
834	799	37408	92
834	833	37461	94
834	835	37502	85
834	869	37306	98
835	800	37297	99
835	834	37406	93
835	836	37488	81
835	870	37202	98
836	801	37408	88
836	835	37319	100
836	837	37231	93
836	871	37310	89
837	802	37354	91
837	836	37373	87
837	838	37378	87
837	872	37454	83
838	803	37519	96
838	837	37526	94
838	839	37222	95
838	873	37552	87
839	804	37377	97
839	838	37431	99
839	840	37573	88
839	874	37334	91
840	805	37278	81
840	839	37484	92
840	875	37383	91
841	806	37306	91
841	842	37206	94
841	876	37572	80
842	807	37519	98
842	841	37422	88
842	843	37428	92
842	877	37481	80
843	808	37316	93
843	842	37322	92
843	844	37347	94
843	878	37530	95
844	809	37309	84
844	843	37400	83
844	845	37472	92
844	879	37389	80
845	810	37362	98
845	844	37365	99
845	846	37210	95
845	880	37252	85
846	811	37210	89
846	845	37560	94
846	847	37398	84
846	881	37311	97
847	812	37410	89
847	846	37295	94
847	848	37496	100
847	882	37318	99
848	813	37341	88
848	847	37463	97
848	849	37534	92
848	883	37372	91
849	814	37440	88
849	848	37299	95
849	850	37540	87
849	884	37312	99
850	815	37498	85
850	849	37343	84
850	851	37365	93
850	885	37468	86
851	816	37432	84
851	850	37275	93
851	852	37597	93
851	886	37341	89
852	817	37532	94
852	851	37471	98
852	853	37301	88
852	887	37362	81
853	818	37414	88
853	852	37366	95
853	854	37282	80
853	888	37508	81
854	819	37474	96
854	853	37458	98
854	855	37386	100
854	889	37525	92
855	820	37264	87
855	854	37240	87
855	856	37358	91
855	890	37327	92
856	821	37410	86
856	855	37512	99
856	857	37362	82
856	891	37534	80
857	822	37462	99
857	856	37326	91
857	858	37277	95
857	892	37501	86
858	823	37514	99
858	857	37251	96
858	859	37286	84
858	893	37219	85
859	824	37590	88
859	858	37594	92
859	860	37268	100
859	894	37234	84
860	825	37417	91
860	859	37257	96
860	861	37496	81
860	895	37354	89
861	826	37387	97
861	860	37489	98
861	862	37376	89
861	896	37507	93
862	827	37337	84
862	861	37384	83
862	863	37516	96
862	897	37507	91
863	828	37545	95
863	862	37413	85
863	864	37451	95
863	898	37498	99
864	829	37358	95
864	863	37417	80
864	865	37531	91
864	899	37432	93
865	830	37469	97
865	864	37360	94
865	866	37289	91
865	900	37349	84
866	831	37251	89
866	865	37277	94
866	867	37594	100
866	901	37215	81
867	832	37568	92
867	866	37497	89
867	868	37316	84
867	902	37289	97
868	833	37256	86
868	867	37586	92
868	869	37393	94
868	903	37371	80
869	834	37316	93
869	868	37497	85
869	870	37434	83
869	904	37504	98
870	835	37404	95
870	869	37364	84
870	871	37362	96
870	905	37286	82
871	836	37449	85
871	870	37422	81
871	872	37204	96
871	906	37555	82
872	837	37397	80
872	871	37297	91
872	873	37549	96
872	907	37215	86
873	838	37515	98
873	872	37355	97
873	874	37388	80
873	908	37354	82
874	839	37433	82
874	873	37339	98
874	875	37430	82
874	909	37429	87
875	840	37580	80
875	874	37387	94
875	910	37238	96
876	841	37277	80
876	877	37583	97
876	911	37471	95
877	842	37468	96
877	876	37305	100
877	878	37277	91
877	912	37541	98
878	843	37536	86
878	877	37438	80
878	879	37316	83
878	913	37210	84
879	844	37232	92
879	878	37574	94
879	880	37408	86
879	914	37266	95
880	845	37378	88
880	879	37312	81
880	881	37579	87
880	915	37464	98
881	846	37259	100
881	880	37320	95
881	882	37294	87
881	916	37259	91
882	847	37522	96
882	881	37300	98
882	883	37420	99
882	917	37544	86
883	848	37471	92
883	882	37318	84
883	884	37479	93
883	918	37256	98
884	849	37466	91
884	883	37453	92
884	885	37567	93
884	919	37318	92
885	850	37333	83
885	884	37336	93
885	886	37381	95
885	920	37362	89
886	851	37498	85
886	885	37340	91
886	887	37352	93
886	921	37321	84
887	852	37373	84
887	886	37376	88
887	888	37494	84
887	922	37331	96
888	853	37278	98
888	887	37469	83
888	889	37392	82
888	923	37212	97
889	854	37243	98
889	888	37270	100
889	890	37336	100
889	924	37403	91
890	855	37377	82
890	889	37461	80
890	891	37210	100
890	925	37383	87
891	856	37533	85
891	890	37429	88
891	892	37555	88
891	926	37485	92
892	857	37372	80
892	891	37363	83
892	893	37415	96
892	927	37315	85
893	858	37339	100
893	892	37533	88
893	894	37378	87
893	928	37484	99
894	859	37277	83
894	893	37324	95
894	895	37229	86
894	929	37485	93
895	860	37570	93
895	894	37579	91
895	896	37416	82
895	930	37589	83
896	861	37541	95
896	895	37214	94
896	897	37361	95
896	931	37227	82
897	862	37218	100
897	896	37277	91
897	898	37409	97
897	932	37306	93
898	863	37577	92
898	897	37395	88
898	899	37437	95
898	933	37340	85
899	864	37370	89
899	898	37394	80
899	900	37334	93
899	934	37239	97
900	865	37261	96
900	899	37437	88
900	901	37571	86
900	935	37440	86
901	866	37373	83
901	900	37450	80
901	902	37455	98
901	936	37221	99
902	867	37364	93
902	901	37595	86
902	903	37300	98
902	937	37276	100
903	868	37545	83
903	902	37361	95
903	904	37320	93
903	938	37203	95
904	869	37344	82
904	903	37423	85
904	905	37450	93
904	939	37580	88
905	870	37242	86
905	904	37440	91
905	906	37319	99
905	940	37278	83
906	871	37283	100
906	905	37550	85
906	907	37374	97
906	941	37281	81
907	872	37473	97
907	906	37535	94
907	908	37583	92
907	942	37273	85
908	873	37581	82
908	907	37396	100
908	909	37519	84
908	943	37460	82
909	874	37260	94
909	908	37329	99
909	910	37435	94
909	944	37476	93
910	875	37589	85
910	909	37243	89
910	945	37356	92
911	876	37256	82
911	912	37357	95
911	946	37387	92
912	877	37389	95
912	911	37318	80
912	913	37201	88
912	947	37458	99
913	878	37461	91
913	912	37329	93
913	914	37308	80
913	948	37344	91
914	879	37309	87
914	913	37212	93
914	915	37394	100
914	949	37261	82
915	880	37333	96
915	914	37263	97
915	916	37469	98
915	950	37259	100
916	881	37504	92
916	915	37530	87
916	917	37314	91
916	951	37445	98
917	882	37377	91
917	916	37326	80
917	918	37563	85
917	952	37302	100
918	883	37580	99
918	917	37536	92
918	919	37519	96
918	953	37448	97
919	884	37428	88
919	918	37376	86
919	920	37403	92
919	954	37408	95
920	885	37446	89
920	919	37473	92
920	921	37365	87
920	955	37571	91
921	886	37430	95
921	920	37322	83
921	922	37349	82
921	956	37265	87
922	887	37260	97
922	921	37392	95
922	923	37345	96
922	957	37551	88
923	888	37459	94
923	922	37530	88
923	924	37324	91
923	958	37462	93
924	889	37536	84
924	923	37538	98
924	925	37580	98
924	959	37480	82
925	890	37502	88
925	924	37579	94
925	926	37583	97
925	960	37386	84
926	891	37391	84
926	925	37478	100
926	927	37259	81
926	961	37475	84
927	892	37382	91
927	926	37372	86
927	928	37218	83
927	962	37465	93
928	893	37348	87
928	927	37589	96
928	929	37423	96
928	963	37298	80
929	894	37235	81
929	928	37393	92
929	930	37231	99
929	964	37363	81
930	895	37490	83
930	929	37287	98
930	931	37509	96
930	965	37529	95
931	896	37340	98
931	930	37312	91
931	932	37342	94
931	966	37329	100
932	897	37357	95
932	931	37214	100
932	933	37238	95
932	967	37481	84
933	898	37290	85
933	932	37347	97
933	934	37355	84
933	968	37486	97
934	899	37203	100
934	933	37365	95
934	935	37451	88
934	969	37478	84
935	900	37320	87
935	934	37570	81
935	936	37474	81
935	970	37484	96
936	901	37392	97
936	935	37576	82
936	937	37504	88
936	971	37466	80
937	902	37389	97
937	936	37562	83
937	938	37563	98
937	972	37288	100
938	903	37553	99
938	937	37555	89
938	939	37599	84
938	973	37592	84
939	904	37597	86
939	938	37228	89
939	940	37363	97
939	974	37529	93
940	905	37482	98
940	939	37263	80
940	941	37282	85
940	975	37519	86
941	906	37572	89
941	940	37545	83
941	942	37257	92
941	976	37395	86
942	907	37391	99
942	941	37249	86
942	943	37276	97
942	977	37298	92
943	908	37586	96
943	942	37280	81
943	944	37580	95
943	978	37280	93
944	909	37511	80
944	943	37334	95
944	945	37470	96
944	979	37387	99
945	910	37442	91
945	944	37240	96
945	980	37287	96
946	911	37376	84
946	947	37444	93
946	981	37241	88
947	912	37463	82
947	946	37426	87
947	948	37491	83
947	982	37283	85
948	913	37566	80
948	947	37421	81
948	949	37263	91
948	983	37577	86
949	914	37247	99
949	948	37349	82
949	950	37418	91
949	984	37277	84
950	915	37599	89
950	949	37593	82
950	951	37567	84
950	985	37570	80
951	916	37250	85
951	950	37263	92
951	952	37558	92
951	986	37204	91
952	917	37283	82
952	951	37354	94
952	953	37277	85
952	987	37548	98
953	918	37324	89
953	952	37263	88
953	954	37582	80
953	988	37223	87
954	919	37285	99
954	953	37450	83
954	955	37592	94
954	989	37377	86
955	920	37486	99
955	954	37202	84
955	956	37320	89
955	990	37272	92
956	921	37265	87
956	955	37450	100
956	957	37291	87
956	991	37234	84
957	922	37201	80
957	956	37217	82
957	958	37335	96
957	992	37432	84
958	923	37433	84
958	957	37247	81
958	959	37380	83
958	993	37552	86
959	924	37228	80
959	958	37391	99
959	960	37252	82
959	994	37428	97
960	925	37468	81
960	959	37297	82
960	961	37498	97
960	995	37292	99
961	926	37205	85
961	960	37380	85
961	962	37437	86
961	996	37294	95
962	927	37577	88
962	961	37223	95
962	963	37266	81
962	997	37383	91
963	928	37392	87
963	962	37582	80
963	964	37218	99
963	998	37575	80
964	929	37315	82
964	963	37551	80
964	965	37392	84
964	999	37303	96
965	930	37353	100
965	964	37453	99
965	966	37267	89
965	1000	37488	94
966	931	37346	95
966	965	37412	83
966	967	37317	91
966	1001	37209	92
967	932	37202	94
967	966	37384	100
967	968	37323	81
967	1002	37427	80
968	933	37356	99
968	967	37386	87
968	969	37420	86
968	1003	37224	87
969	934	37390	88
969	968	37315	92
969	970	37269	98
969	1004	37426	100
970	935	37318	89
970	969	37492	98
970	971	37372	81
970	1005	37467	99
971	936	37442	98
971	970	37311	95
971	972	37559	81
971	1006	37561	94
972	937	37307	98
972	971	37543	86
972	973	37432	95
972	1007	37237	85
973	938	37248	85
973	972	37277	92
973	974	37398	95
973	1008	37510	96
974	939	37463	88
974	973	37433	88
974	975	37502	80
974	1009	37344	92
975	940	37303	94
975	974	37433	82
975	976	37462	100
975	1010	37264	83
976	941	37307	88
976	975	37384	82
976	977	37528	81
976	1011	37595	97
977	942	37492	88
977	976	37530	99
977	978	37578	82
977	1012	37378	80
978	943	37201	87
978	977	37346	96
978	979	37252	82
978	1013	37424	82
979	944	37235	80
979	978	37225	97
979	980	37353	89
979	1014	37585	95
980	945	37567	83
980	979	37536	94
980	1015	37313	99
981	946	37278	85
981	982	37370	100
981	1016	37596	88
982	947	37346	80
982	981	37352	93
982	983	37447	99
982	1017	37337	93
983	948	37297	100
983	982	37544	94
983	984	37397	87
983	1018	37417	100
984	949	37597	86
984	983	37587	93
984	985	37218	87
984	1019	37344	89
985	950	37543	83
985	984	37439	81
985	986	37264	100
985	1020	37377	80
986	951	37504	81
986	985	37495	98
986	987	37460	97
986	1021	37356	98
987	952	37488	93
987	986	37437	98
987	988	37306	89
987	1022	37446	95
988	953	37448	93
988	987	37391	92
988	989	37563	100
988	1023	37524	87
989	954	37375	80
989	988	37256	88
989	990	37538	88
989	1024	37404	83
990	955	37369	91
990	989	37454	85
990	991	37297	99
990	1025	37444	99
991	956	37302	80
991	990	37387	99
991	992	37489	80
991	1026	37303	82
992	957	37497	87
992	991	37234	92
992	993	37324	96
992	1027	37207	99
993	958	37222	83
993	992	37380	89
993	994	37394	99
993	1028	37492	81
994	959	37222	93
994	993	37513	89
994	995	37462	91
994	1029	37586	86
995	960	37496	97
995	994	37275	91
995	996	37530	96
995	1030	37385	92
996	961	37328	81
996	995	37311	91
996	997	37497	92
996	1031	37392	86
997	962	37596	94
997	996	37387	88
997	998	37312	96
997	1032	37383	89
998	963	37561	99
998	997	37243	99
998	999	37352	97
998	1033	37559	98
999	964	37353	94
999	998	37235	92
999	1000	37322	89
999	1034	37544	98
1000	965	37564	97
1000	999	37230	92
1000	1001	37396	83
1000	1035	37597	81
1001	966	37562	92
1001	1000	37228	84
1001	1002	37509	84
1001	1036	37401	100
1002	967	37546	81
1002	1001	37353	94
1002	1003	37313	83
1002	1037	37584	92
1003	968	37533	88
1003	1002	37496	94
1003	1004	37517	81
1003	1038	37338	97
1004	969	37517	87
1004	1003	37462	84
1004	1005	37510	81
1004	1039	37309	82
1005	970	37590	91
1005	1004	37476	84
1005	1006	37585	94
1005	1040	37502	94
1006	971	37454	94
1006	1005	37535	82
1006	1007	37486	81
1006	1041	37374	80
1007	972	37324	98
1007	1006	37440	82
1007	1008	37576	85
1007	1042	37480	92
1008	973	37239	87
1008	1007	37587	100
1008	1009	37545	86
1008	1043	37431	100
1009	974	37598	82
1009	1008	37581	100
1009	1010	37373	85
1009	1044	37519	98
1010	975	37527	82
1010	1009	37523	99
1010	1011	37458	94
1010	1045	37585	81
1011	976	37492	99
1011	1010	37445	87
1011	1012	37416	81
1011	1046	37290	85
1012	977	37574	99
1012	1011	37350	84
1012	1013	37280	99
1012	1047	37335	82
1013	978	37410	88
1013	1012	37315	94
1013	1014	37391	89
1013	1048	37417	81
1014	979	37219	93
1014	1013	37333	94
1014	1015	37512	89
1014	1049	37268	92
1015	980	37528	91
1015	1014	37541	83
1015	1050	37467	89
1016	981	37341	95
1016	1017	37403	82
1016	1051	37305	91
1017	982	37416	94
1017	1016	37510	83
1017	1018	37600	87
1017	1052	37425	89
1018	983	37288	84
1018	1017	37544	94
1018	1019	37252	97
1018	1053	37521	84
1019	984	37478	95
1019	1018	37315	86
1019	1020	37303	83
1019	1054	37255	98
1020	985	37513	91
1020	1019	37314	93
1020	1021	37298	97
1020	1055	37469	100
1021	986	37223	89
1021	1020	37415	96
1021	1022	37545	85
1021	1056	37483	89
1022	987	37500	91
1022	1021	37274	86
1022	1023	37261	95
1022	1057	37427	94
1023	988	37580	91
1023	1022	37511	88
1023	1024	37514	83
1023	1058	37464	82
1024	989	37550	91
1024	1023	37443	81
1024	1025	37572	98
1024	1059	37571	96
1025	990	37394	97
1025	1024	37324	97
1025	1026	37476	91
1025	1060	37334	82
1026	991	37294	94
1026	1025	37264	87
1026	1027	37448	91
1026	1061	37430	93
1027	992	37291	88
1027	1026	37585	85
1027	1028	37335	92
1027	1062	37445	89
1028	993	37431	85
1028	1027	37570	95
1028	1029	37524	83
1028	1063	37300	88
1029	994	37293	86
1029	1028	37382	92
1029	1030	37324	83
1029	1064	37348	93
1030	995	37221	88
1030	1029	37303	92
1030	1031	37427	87
1030	1065	37595	86
1031	996	37378	96
1031	1030	37457	83
1031	1032	37268	93
1031	1066	37523	95
1032	997	37318	86
1032	1031	37389	97
1032	1033	37498	97
1032	1067	37359	92
1033	998	37402	92
1033	1032	37450	96
1033	1034	37574	99
1033	1068	37468	93
1034	999	37566	100
1034	1033	37357	85
1034	1035	37478	97
1034	1069	37523	88
1035	1000	37555	80
1035	1034	37493	81
1035	1036	37592	92
1035	1070	37323	85
1036	1001	37332	81
1036	1035	37504	83
1036	1037	37325	84
1036	1071	37311	94
1037	1002	37379	82
1037	1036	37358	97
1037	1038	37312	93
1037	1072	37462	97
1038	1003	37598	82
1038	1037	37424	99
1038	1039	37397	92
1038	1073	37402	97
1039	1004	37331	83
1039	1038	37549	85
1039	1040	37214	83
1039	1074	37219	93
1040	1005	37201	86
1040	1039	37271	100
1040	1041	37575	85
1040	1075	37432	97
1041	1006	37299	80
1041	1040	37552	100
1041	1042	37476	94
1041	1076	37574	88
1042	1007	37219	87
1042	1041	37383	84
1042	1043	37343	85
1042	1077	37458	95
1043	1008	37263	93
1043	1042	37226	92
1043	1044	37319	82
1043	1078	37384	97
1044	1009	37513	85
1044	1043	37453	88
1044	1045	37210	91
1044	1079	37359	95
1045	1010	37310	86
1045	1044	37349	93
1045	1046	37309	99
1045	1080	37569	84
1046	1011	37415	81
1046	1045	37244	100
1046	1047	37492	95
1046	1081	37401	92
1047	1012	37401	93
1047	1046	37317	92
1047	1048	37416	85
1047	1082	37241	82
1048	1013	37366	88
1048	1047	37267	87
1048	1049	37231	86
1048	1083	37540	88
1049	1014	37281	92
1049	1048	37583	85
1049	1050	37205	88
1049	1084	37389	99
1050	1015	37505	85
1050	1049	37395	94
1050	1085	37282	82
1051	1016	37481	80
1051	1052	37345	83
1051	1086	37258	88
1052	1017	37395	97
1052	1051	37311	85
1052	1053	37212	89
1052	1087	37437	97
1053	1018	37528	96
1053	1052	37486	87
1053	1054	37252	95
1053	1088	37254	81
1054	1019	37558	95
1054	1053	37398	80
1054	1055	37592	93
1054	1089	37257	99
1055	1020	37468	80
1055	1054	37533	84
1055	1056	37489	96
1055	1090	37378	84
1056	1021	37571	88
1056	1055	37465	89
1056	1057	37317	94
1056	1091	37242	95
1057	1022	37333	93
1057	1056	37220	97
1057	1058	37484	88
1057	1092	37381	85
1058	1023	37218	98
1058	1057	37436	85
1058	1059	37413	84
1058	1093	37529	95
1059	1024	37369	95
1059	1058	37227	94
1059	1060	37472	98
1059	1094	37550	85
1060	1025	37538	97
1060	1059	37574	100
1060	1061	37401	88
1060	1095	37567	87
1061	1026	37264	95
1061	1060	37524	100
1061	1062	37309	94
1061	1096	37254	84
1062	1027	37534	87
1062	1061	37466	94
1062	1063	37587	92
1062	1097	37244	99
1063	1028	37321	82
1063	1062	37524	94
1063	1064	37432	83
1063	1098	37439	89
1064	1029	37417	81
1064	1063	37356	88
1064	1065	37496	94
1064	1099	37552	80
1065	1030	37384	99
1065	1064	37396	80
1065	1066	37579	92
1065	1100	37475	85
1066	1031	37211	88
1066	1065	37425	100
1066	1067	37269	89
1066	1101	37212	96
1067	1032	37520	96
1067	1066	37318	82
1067	1068	37250	94
1067	1102	37552	96
1068	1033	37505	81
1068	1067	37429	93
1068	1069	37592	100
1068	1103	37241	98
1069	1034	37241	99
1069	1068	37491	83
1069	1070	37520	94
1069	1104	37420	86
1070	1035	37554	100
1070	1069	37476	83
1070	1071	37395	87
1070	1105	37475	97
1071	1036	37282	84
1071	1070	37291	84
1071	1072	37405	80
1071	1106	37490	94
1072	1037	37528	100
1072	1071	37563	84
1072	1073	37285	100
1072	1107	37436	96
1073	1038	37526	83
1073	1072	37580	95
1073	1074	37576	98
1073	1108	37479	89
1074	1039	37319	97
1074	1073	37455	83
1074	1075	37537	89
1074	1109	37556	88
1075	1040	37484	95
1075	1074	37362	88
1075	1076	37422	94
1075	1110	37399	88
1076	1041	37488	80
1076	1075	37323	89
1076	1077	37433	99
1076	1111	37543	89
1077	1042	37318	97
1077	1076	37593	88
1077	1078	37464	91
1077	1112	37311	91
1078	1043	37568	97
1078	1077	37522	84
1078	1079	37549	91
1078	1113	37507	92
1079	1044	37421	80
1079	1078	37337	89
1079	1080	37521	82
1079	1114	37414	91
1080	1045	37316	88
1080	1079	37526	99
1080	1081	37400	85
1080	1115	37424	83
1081	1046	37338	93
1081	1080	37473	94
1081	1082	37421	95
1081	1116	37293	96
1082	1047	37313	89
1082	1081	37211	89
1082	1083	37220	87
1082	1117	37362	100
1083	1048	37250	82
1083	1082	37557	86
1083	1084	37469	84
1083	1118	37516	82
1084	1049	37319	82
1084	1083	37288	100
1084	1085	37509	93
1084	1119	37246	81
1085	1050	37594	99
1085	1084	37424	91
1085	1120	37457	89
1086	1051	37572	97
1086	1087	37569	97
1086	1121	37282	93
1087	1052	37520	85
1087	1086	37384	88
1087	1088	37245	94
1087	1122	37551	85
1088	1053	37430	83
1088	1087	37377	97
1088	1089	37430	95
1088	1123	37472	82
1089	1054	37495	91
1089	1088	37332	92
1089	1090	37437	98
1089	1124	37362	95
1090	1055	37400	81
1090	1089	37510	94
1090	1091	37402	86
1090	1125	37567	99
1091	1056	37456	91
1091	1090	37517	86
1091	1092	37444	80
1091	1126	37486	97
1092	1057	37211	88
1092	1091	37413	99
1092	1093	37263	95
1092	1127	37343	99
1093	1058	37346	99
1093	1092	37209	92
1093	1094	37204	88
1093	1128	37564	85
1094	1059	37352	91
1094	1093	37537	80
1094	1095	37582	98
1094	1129	37223	88
1095	1060	37316	87
1095	1094	37237	85
1095	1096	37299	100
1095	1130	37212	100
1096	1061	37519	92
1096	1095	37434	83
1096	1097	37357	95
1096	1131	37213	94
1097	1062	37363	86
1097	1096	37463	92
1097	1098	37476	87
1097	1132	37321	94
1098	1063	37334	83
1098	1097	37404	99
1098	1099	37430	81
1098	1133	37382	92
1099	1064	37522	94
1099	1098	37398	88
1099	1100	37328	91
1099	1134	37320	94
1100	1065	37204	87
1100	1099	37291	100
1100	1101	37229	82
1100	1135	37496	80
1101	1066	37403	93
1101	1100	37580	96
1101	1102	37521	80
1101	1136	37583	94
1102	1067	37339	83
1102	1101	37227	81
1102	1103	37272	99
1102	1137	37400	99
1103	1068	37481	96
1103	1102	37287	97
1103	1104	37565	89
1103	1138	37385	98
1104	1069	37314	89
1104	1103	37529	95
1104	1105	37422	98
1104	1139	37352	100
1105	1070	37334	85
1105	1104	37408	85
1105	1106	37347	81
1105	1140	37212	94
1106	1071	37382	98
1106	1105	37341	85
1106	1107	37284	93
1106	1141	37506	89
1107	1072	37233	95
1107	1106	37268	85
1107	1108	37205	92
1107	1142	37419	87
1108	1073	37542	91
1108	1107	37235	84
1108	1109	37558	96
1108	1143	37342	84
1109	1074	37480	86
1109	1108	37394	99
1109	1110	37354	97
1109	1144	37235	85
1110	1075	37548	80
1110	1109	37350	93
1110	1111	37543	94
1110	1145	37454	89
1111	1076	37499	91
1111	1110	37438	97
1111	1112	37462	85
1111	1146	37322	86
1112	1077	37477	100
1112	1111	37491	84
1112	1113	37586	95
1112	1147	37277	100
1113	1078	37475	86
1113	1112	37246	93
1113	1114	37580	93
1113	1148	37486	96
1114	1079	37242	88
1114	1113	37573	87
1114	1115	37282	98
1114	1149	37573	100
1115	1080	37339	82
1115	1114	37476	89
1115	1116	37213	87
1115	1150	37530	80
1116	1081	37455	82
1116	1115	37219	100
1116	1117	37431	89
1116	1151	37265	93
1117	1082	37512	82
1117	1116	37373	96
1117	1118	37352	97
1117	1152	37264	91
1118	1083	37243	82
1118	1117	37301	99
1118	1119	37334	91
1118	1153	37415	98
1119	1084	37391	86
1119	1118	37287	89
1119	1120	37449	100
1119	1154	37265	87
1120	1085	37409	81
1120	1119	37438	93
1120	1155	37448	91
1121	1086	37564	91
1121	1122	37591	94
1121	1156	37543	87
1122	1087	37340	92
1122	1121	37579	96
1122	1123	37348	97
1122	1157	37440	97
1123	1088	37385	83
1123	1122	37208	85
1123	1124	37530	97
1123	1158	37260	88
1124	1089	37326	99
1124	1123	37586	97
1124	1125	37314	80
1124	1159	37506	84
1125	1090	37266	81
1125	1124	37233	100
1125	1126	37572	97
1125	1160	37527	96
1126	1091	37600	98
1126	1125	37402	86
1126	1127	37228	88
1126	1161	37565	94
1127	1092	37223	100
1127	1126	37301	93
1127	1128	37314	88
1127	1162	37314	83
1128	1093	37418	94
1128	1127	37240	98
1128	1129	37246	97
1128	1163	37375	89
1129	1094	37445	94
1129	1128	37577	88
1129	1130	37224	94
1129	1164	37352	97
1130	1095	37231	100
1130	1129	37516	91
1130	1131	37272	95
1130	1165	37368	80
1131	1096	37588	83
1131	1130	37220	95
1131	1132	37233	84
1131	1166	37547	87
1132	1097	37360	82
1132	1131	37309	85
1132	1133	37424	91
1132	1167	37442	99
1133	1098	37519	91
1133	1132	37204	95
1133	1134	37473	80
1133	1168	37553	94
1134	1099	37221	89
1134	1133	37567	88
1134	1135	37443	85
1134	1169	37311	97
1135	1100	37424	83
1135	1134	37514	80
1135	1136	37563	87
1135	1170	37289	82
1136	1101	37503	100
1136	1135	37463	96
1136	1137	37464	94
1136	1171	37595	93
1137	1102	37252	86
1137	1136	37468	85
1137	1138	37254	92
1137	1172	37416	100
1138	1103	37296	91
1138	1137	37510	89
1138	1139	37324	81
1138	1173	37272	87
1139	1104	37525	80
1139	1138	37207	80
1139	1140	37212	87
1139	1174	37350	96
1140	1105	37364	93
1140	1139	37409	92
1140	1141	37229	97
1140	1175	37466	91
1141	1106	37483	81
1141	1140	37524	93
1141	1142	37562	100
1141	1176	37236	98
1142	1107	37574	88
1142	1141	37464	89
1142	1143	37368	82
1142	1177	37598	92
1143	1108	37389	97
1143	1142	37247	96
1143	1144	37372	98
1143	1178	37469	94
1144	1109	37273	93
1144	1143	37538	94
1144	1145	37276	93
1144	1179	37479	92
1145	1110	37380	98
1145	1144	37375	92
1145	1146	37498	99
1145	1180	37362	86
1146	1111	37412	96
1146	1145	37559	95
1146	1147	37350	91
1146	1181	37354	82
1147	1112	37267	100
1147	1146	37556	93
1147	1148	37568	94
1147	1182	37368	83
1148	1113	37227	84
1148	1147	37581	89
1148	1149	37310	96
1148	1183	37501	86
1149	1114	37288	99
1149	1148	37324	96
1149	1150	37525	97
1149	1184	37249	100
1150	1115	37458	98
1150	1149	37387	92
1150	1151	37217	86
1150	1185	37372	81
1151	1116	37410	93
1151	1150	37280	81
1151	1152	37311	94
1151	1186	37397	97
1152	1117	37335	85
1152	1151	37254	85
1152	1153	37432	85
1152	1187	37493	89
1153	1118	37579	92
1153	1152	37424	80
1153	1154	37511	92
1153	1188	37306	94
1154	1119	37298	84
1154	1153	37452	80
1154	1155	37535	95
1154	1189	37304	84
1155	1120	37323	85
1155	1154	37440	99
1155	1190	37342	99
1156	1121	37589	84
1156	1157	37474	80
1156	1191	37310	95
1157	1122	37387	94
1157	1156	37358	87
1157	1158	37503	92
1157	1192	37326	92
1158	1123	37586	83
1158	1157	37551	99
1158	1159	37508	86
1158	1193	37418	96
1159	1124	37543	99
1159	1158	37467	92
1159	1160	37413	82
1159	1194	37579	91
1160	1125	37287	84
1160	1159	37506	85
1160	1161	37334	94
1160	1195	37389	99
1161	1126	37419	86
1161	1160	37593	88
1161	1162	37236	98
1161	1196	37329	96
1162	1127	37386	96
1162	1161	37453	100
1162	1163	37306	100
1162	1197	37563	80
1163	1128	37201	84
1163	1162	37498	80
1163	1164	37440	95
1163	1198	37218	85
1164	1129	37308	93
1164	1163	37290	98
1164	1165	37270	88
1164	1199	37467	87
1165	1130	37515	88
1165	1164	37537	81
1165	1166	37533	80
1165	1200	37435	80
1166	1131	37306	88
1166	1165	37389	82
1166	1167	37397	91
1166	1201	37424	91
1167	1132	37238	83
1167	1166	37402	83
1167	1168	37364	92
1167	1202	37300	85
1168	1133	37347	91
1168	1167	37515	91
1168	1169	37552	89
1168	1203	37308	86
1169	1134	37462	86
1169	1168	37222	83
1169	1170	37375	88
1169	1204	37592	91
1170	1135	37351	91
1170	1169	37293	82
1170	1171	37228	93
1170	1205	37254	94
1171	1136	37207	80
1171	1170	37402	98
1171	1172	37400	84
1171	1206	37240	91
1172	1137	37582	91
1172	1171	37433	94
1172	1173	37215	88
1172	1207	37512	89
1173	1138	37289	82
1173	1172	37223	87
1173	1174	37220	89
1173	1208	37548	89
1174	1139	37584	81
1174	1173	37300	87
1174	1175	37434	91
1174	1209	37462	99
1175	1140	37530	86
1175	1174	37387	91
1175	1176	37264	86
1175	1210	37582	96
1176	1141	37273	97
1176	1175	37230	91
1176	1177	37309	92
1176	1211	37365	94
1177	1142	37324	100
1177	1176	37309	99
1177	1178	37457	92
1177	1212	37501	84
1178	1143	37375	91
1178	1177	37204	96
1178	1179	37493	88
1178	1213	37274	91
1179	1144	37551	93
1179	1178	37566	93
1179	1180	37425	84
1179	1214	37441	83
1180	1145	37215	81
1180	1179	37469	97
1180	1181	37347	94
1180	1215	37491	92
1181	1146	37440	87
1181	1180	37491	99
1181	1182	37247	85
1181	1216	37547	81
1182	1147	37455	93
1182	1181	37504	97
1182	1183	37368	95
1182	1217	37375	88
1183	1148	37584	99
1183	1182	37517	82
1183	1184	37554	100
1183	1218	37557	93
1184	1149	37386	94
1184	1183	37346	98
1184	1185	37361	88
1184	1219	37300	87
1185	1150	37505	99
1185	1184	37473	82
1185	1186	37382	100
1185	1220	37533	84
1186	1151	37562	99
1186	1185	37254	81
1186	1187	37567	91
1186	1221	37362	95
1187	1152	37366	93
1187	1186	37232	87
1187	1188	37374	96
1187	1222	37344	83
1188	1153	37396	87
1188	1187	37335	97
1188	1189	37543	84
1188	1223	37238	84
1189	1154	37436	81
1189	1188	37302	84
1189	1190	37530	85
1189	1224	37302	98
1190	1155	37293	89
1190	1189	37512	96
1190	1225	37585	81
1191	1156	37594	80
1191	1192	37304	98
1192	1157	37375	94
1192	1191	37511	99
1192	1193	37541	87
1193	1158	37342	99
1193	1192	37444	99
1193	1194	37504	96
1194	1159	37440	83
1194	1193	37244	82
1194	1195	37219	96
1195	1160	37487	89
1195	1194	37351	98
1195	1196	37355	89
1196	1161	37595	96
1196	1195	37556	92
1196	1197	37442	81
1197	1162	37326	82
1197	1196	37526	80
1197	1198	37542	80
1198	1163	37260	98
1198	1197	37453	87
1198	1199	37458	97
1199	1164	37516	98
1199	1198	37575	92
1199	1200	37485	99
1200	1165	37506	83
1200	1199	37225	82
1200	1201	37471	84
1201	1166	37210	89
1201	1200	37322	88
1201	1202	37505	91
1202	1167	37537	97
1202	1201	37330	92
1202	1203	37232	87
1203	1168	37249	91
1203	1202	37438	91
1203	1204	37339	97
1204	1169	37594	94
1204	1203	37369	83
1204	1205	37501	95
1205	1170	37313	94
1205	1204	37539	93
1205	1206	37346	86
1206	1171	37406	80
1206	1205	37532	93
1206	1207	37269	89
1207	1172	37399	85
1207	1206	37225	87
1207	1208	37238	81
1208	1173	37461	88
1208	1207	37465	99
1208	1209	37487	82
1209	1174	37248	95
1209	1208	37549	83
1209	1210	37216	94
1210	1175	37511	94
1210	1209	37329	96
1210	1211	37237	89
1211	1176	37526	96
1211	1210	37498	87
1211	1212	37453	87
1212	1177	37417	100
1212	1211	37591	85
1212	1213	37211	97
1213	1178	37441	81
1213	1212	37247	80
1213	1214	37323	87
1214	1179	37541	99
1214	1213	37309	85
1214	1215	37552	81
1215	1180	37226	94
1215	1214	37386	81
1215	1216	37228	83
1216	1181	37313	89
1216	1215	37371	91
1216	1217	37337	87
1217	1182	37412	92
1217	1216	37404	92
1217	1218	37276	91
1218	1183	37413	89
1218	1217	37251	85
1218	1219	37542	81
1219	1184	37512	92
1219	1218	37510	96
1219	1220	37584	100
1220	1185	37411	100
1220	1219	37232	88
1220	1221	37442	85
1221	1186	37451	86
1221	1220	37521	100
1221	1222	37263	91
1222	1187	37215	92
1222	1221	37209	85
1222	1223	37571	92
1223	1188	37339	96
1223	1222	37209	80
1223	1224	37352	91
1224	1189	37465	98
1224	1223	37521	88
1224	1225	37328	95
1225	1190	37322	81
1225	1224	37563	84
