1	2	223	91
1	16	370	97
2	1	189	95
2	3	225	82
2	17	237	92
3	2	439	85
3	4	502	95
3	18	376	97
4	3	262	93
4	5	229	83
4	19	279	85
5	4	228	99
5	6	197	87
5	20	214	80
6	5	569	85
6	7	398	98
6	21	341	88
7	6	529	93
7	8	511	84
7	22	310	85
8	7	436	81
8	9	244	96
8	23	370	96
9	8	368	88
9	10	281	87
9	24	472	98
10	9	296	84
10	11	505	97
10	25	355	100
11	10	369	83
11	12	303	99
11	26	500	94
12	11	239	88
12	13	484	86
12	27	390	96
13	12	387	83
13	14	463	98
13	28	537	85
14	13	319	93
14	15	354	86
14	29	387	93
15	14	468	94
15	30	351	82
16	1	469	96
16	17	525	91
16	31	237	88
17	2	464	92
17	16	406	98
17	18	336	83
17	32	419	82
18	3	559	88
18	17	343	94
18	19	269	96
18	33	281	94
19	4	368	80
19	18	368	94
19	20	314	86
19	34	576	100
20	5	378	100
20	19	383	94
20	21	229	82
20	35	538	89
21	6	483	98
21	20	256	88
21	22	492	100
21	36	331	89
22	7	471	81
22	21	183	92
22	23	357	98
22	37	414	92
23	8	271	92
23	22	218	92
23	24	461	96
23	38	290	94
24	9	461	99
24	23	556	97
24	25	365	97
24	39	490	92
25	10	548	89
25	24	296	95
25	26	458	82
25	40	276	84
26	11	349	89
26	25	280	99
26	27	232	96
26	41	499	81
27	12	366	94
27	26	549	94
27	28	342	95
27	42	492	80
28	13	477	81
28	27	389	95
28	29	457	94
28	43	461	95
29	14	458	81
29	28	325	88
29	30	323	81
29	44	224	94
30	15	441	80
30	29	425	98
30	45	453	94
31	16	570	80
31	32	424	86
31	46	281	95
32	17	236	82
32	31	502	98
32	33	553	85
32	47	227	81
33	18	308	95
33	32	219	86
33	34	470	91
33	48	351	93
34	19	569	87
34	33	306	96
34	35	260	99
34	49	479	99
35	20	279	89
35	34	189	98
35	36	498	93
35	50	468	87
36	21	437	91
36	35	324	83
36	37	307	85
36	51	405	96
37	22	448	97
37	36	379	96
37	38	547	82
37	52	435	82
38	23	513	84
38	37	263	94
38	39	247	86
38	53	217	100
39	24	522	93
39	38	290	93
39	40	578	96
39	54	543	87
40	25	501	94
40	39	502	87
40	41	508	83
40	55	305	83
41	26	185	96
41	40	256	96
41	42	415	89
41	56	545	83
42	27	365	91
42	41	501	92
42	43	208	92
42	57	385	85
43	28	398	94
43	42	231	94
43	44	235	95
43	58	570	84
44	29	503	83
44	43	363	84
44	45	317	94
44	59	198	89
45	30	454	85
45	44	516	92
45	60	405	85
46	31	402	98
46	47	476	92
46	61	336	99
47	32	573	97
47	46	547	89
47	48	374	84
47	62	446	80
48	33	273	80
48	47	293	97
48	49	281	98
48	63	274	86
49	34	545	94
49	48	301	85
49	50	265	91
49	64	222	84
50	35	308	88
50	49	536	84
50	51	184	81
50	65	244	82
51	36	444	83
51	50	533	86
51	52	218	91
51	66	292	100
52	37	383	83
52	51	186	95
52	53	288	85
52	67	286	80
53	38	495	91
53	52	222	84
53	54	359	86
53	68	286	94
54	39	223	85
54	53	530	85
54	55	267	82
54	69	516	84
55	40	443	97
55	54	293	94
55	56	253	95
55	70	300	81
56	41	386	85
56	55	505	85
56	57	440	100
56	71	389	91
57	42	420	82
57	56	415	80
57	58	453	85
57	72	523	96
58	43	208	83
58	57	473	84
58	59	196	88
58	73	302	88
59	44	361	91
59	58	544	94
59	60	203	86
59	74	426	92
60	45	289	92
60	59	336	93
60	75	571	83
61	46	358	99
61	62	366	86
61	76	422	84
62	47	490	88
62	61	292	86
62	63	331	88
62	77	409	85
63	48	578	94
63	62	266	98
63	64	414	88
63	78	220	94
64	49	444	81
64	63	299	93
64	65	331	98
64	79	243	100
65	50	479	93
65	64	406	87
65	66	228	91
65	80	332	95
66	51	292	100
66	65	354	91
66	67	316	84
66	81	190	97
67	52	412	85
67	66	432	89
67	68	487	93
67	82	324	95
68	53	456	84
68	67	275	82
68	69	235	97
68	83	525	89
69	54	374	88
69	68	232	91
69	70	193	100
69	84	226	86
70	55	407	98
70	69	321	96
70	71	397	88
70	85	519	92
71	56	338	98
71	70	436	94
71	72	185	89
71	86	578	93
72	57	468	82
72	71	480	85
72	73	459	82
72	87	258	98
73	58	535	85
73	72	472	97
73	74	399	96
73	88	428	85
74	59	562	84
74	73	499	85
74	75	566	84
74	89	409	87
75	60	281	81
75	74	576	99
75	90	486	93
76	61	471	86
76	77	316	94
76	91	268	82
77	62	242	85
77	76	349	88
77	78	553	81
77	92	549	81
78	63	576	82
78	77	553	96
78	79	510	98
78	93	549	82
79	64	225	91
79	78	226	92
79	80	312	96
79	94	463	94
80	65	189	86
80	79	309	93
80	81	284	85
80	95	465	88
81	66	459	88
81	80	186	88
81	82	185	88
81	96	521	94
82	67	503	98
82	81	562	87
82	83	482	91
82	97	528	84
83	68	233	81
83	82	341	94
83	84	288	94
83	98	466	97
84	69	363	88
84	83	267	81
84	85	361	100
84	99	423	93
85	70	467	83
85	84	289	83
85	86	203	93
85	100	536	96
86	71	452	97
86	85	208	87
86	87	436	99
86	101	342	82
87	72	558	81
87	86	183	84
87	88	306	94
87	102	371	80
88	73	399	87
88	87	239	82
88	89	287	81
88	103	265	88
89	74	559	93
89	88	555	98
89	90	442	91
89	104	275	97
90	75	445	89
90	89	485	92
90	105	508	93
91	76	397	95
91	92	327	88
91	106	483	93
92	77	354	89
92	91	421	86
92	93	458	91
92	107	484	96
93	78	406	96
93	92	343	80
93	94	407	81
93	108	514	98
94	79	255	100
94	93	409	100
94	95	297	97
94	109	283	80
95	80	259	88
95	94	249	82
95	96	275	80
95	110	331	89
96	81	360	93
96	95	373	85
96	97	324	81
96	111	282	99
97	82	513	100
97	96	279	96
97	98	322	80
97	112	376	97
98	83	557	96
98	97	443	91
98	99	470	91
98	113	232	83
99	84	331	96
99	98	452	94
99	100	396	81
99	114	219	98
100	85	241	96
100	99	546	94
100	101	249	88
100	115	579	87
101	86	304	88
101	100	421	87
101	102	494	92
101	116	481	95
102	87	280	93
102	101	570	97
102	103	522	89
102	117	558	89
103	88	491	87
103	102	410	88
103	104	394	82
103	118	299	97
104	89	353	97
104	103	469	82
104	105	210	96
104	119	241	98
105	90	230	88
105	104	491	84
105	120	250	97
106	91	350	94
106	107	419	81
106	121	320	89
107	92	359	84
107	106	528	91
107	108	484	96
107	122	225	82
108	93	528	89
108	107	223	87
108	109	345	96
108	123	334	89
109	94	353	81
109	108	299	97
109	110	344	98
109	124	236	93
110	95	498	87
110	109	534	100
110	111	485	93
110	125	410	80
111	96	279	89
111	110	302	97
111	112	482	80
111	126	550	86
112	97	469	81
112	111	202	80
112	113	403	84
112	127	445	84
113	98	243	96
113	112	204	96
113	114	350	86
113	128	476	97
114	99	182	95
114	113	466	100
114	115	553	88
114	129	192	99
115	100	231	87
115	114	384	94
115	116	334	94
115	130	437	93
116	101	545	88
116	115	453	96
116	117	504	95
116	131	267	94
117	102	521	97
117	116	476	92
117	118	454	82
117	132	555	80
118	103	327	83
118	117	306	80
118	119	514	88
118	133	307	80
119	104	255	81
119	118	270	91
119	120	417	86
119	134	385	93
120	105	193	81
120	119	246	91
120	135	463	83
121	106	277	91
121	122	545	84
121	136	550	95
122	107	216	83
122	121	193	97
122	123	495	89
122	137	398	80
123	108	523	94
123	122	530	85
123	124	541	88
123	138	299	89
124	109	486	88
124	123	194	98
124	125	409	96
124	139	558	80
125	110	388	95
125	124	214	80
125	126	446	80
125	140	232	83
126	111	199	89
126	125	532	97
126	127	427	92
126	141	314	80
127	112	250	98
127	126	426	85
127	128	275	89
127	142	303	95
128	113	521	81
128	127	414	99
128	129	196	85
128	143	320	93
129	114	325	98
129	128	527	94
129	130	374	91
129	144	343	96
130	115	414	86
130	129	391	95
130	131	503	96
130	145	310	95
131	116	530	88
131	130	393	86
131	132	485	89
131	146	258	93
132	117	383	97
132	131	192	95
132	133	217	81
132	147	271	89
133	118	309	98
133	132	229	86
133	134	554	85
133	148	575	95
134	119	380	83
134	133	510	80
134	135	181	94
134	149	367	85
135	120	212	82
135	134	320	82
135	150	501	88
136	121	533	91
136	137	257	96
136	151	327	94
137	122	445	85
137	136	404	83
137	138	417	95
137	152	344	87
138	123	529	83
138	137	535	82
138	139	365	95
138	153	205	91
139	124	457	80
139	138	452	82
139	140	211	87
139	154	228	99
140	125	393	89
140	139	537	91
140	141	307	81
140	155	314	96
141	126	207	84
141	140	216	91
141	142	414	87
141	156	557	97
142	127	413	99
142	141	400	87
142	143	239	92
142	157	417	96
143	128	309	95
143	142	358	82
143	144	357	84
143	158	529	88
144	129	233	97
144	143	577	91
144	145	323	95
144	159	200	93
145	130	244	100
145	144	563	98
145	146	206	91
145	160	265	94
146	131	542	87
146	145	364	92
146	147	327	89
146	161	359	89
147	132	348	84
147	146	362	81
147	148	243	87
147	162	268	88
148	133	535	95
148	147	497	97
148	149	575	87
148	163	429	98
149	134	352	95
149	148	303	82
149	150	288	99
149	164	428	83
150	135	325	100
150	149	491	85
150	165	253	94
151	136	570	95
151	152	469	91
151	166	269	95
152	137	479	99
152	151	181	97
152	153	310	86
152	167	340	96
153	138	257	92
153	152	497	91
153	154	236	83
153	168	551	93
154	139	196	98
154	153	216	83
154	155	287	96
154	169	560	82
155	140	196	83
155	154	363	80
155	156	301	96
155	170	466	88
156	141	340	87
156	155	536	81
156	157	316	94
156	171	186	87
157	142	343	95
157	156	395	97
157	158	361	88
157	172	528	88
158	143	555	87
158	157	461	91
158	159	530	97
158	173	319	97
159	144	536	95
159	158	475	81
159	160	456	83
159	174	569	83
160	145	212	83
160	159	191	98
160	161	306	89
160	175	414	97
161	146	432	95
161	160	468	98
161	162	401	81
161	176	209	97
162	147	329	98
162	161	308	87
162	163	373	83
162	177	535	84
163	148	306	100
163	162	516	85
163	164	580	94
163	178	476	95
164	149	451	96
164	163	440	96
164	165	280	92
164	179	342	98
165	150	403	85
165	164	458	86
165	180	486	99
166	151	577	99
166	167	474	81
166	181	263	80
167	152	408	80
167	166	442	93
167	168	441	99
167	182	422	93
168	153	203	100
168	167	215	91
168	169	225	88
168	183	463	98
169	154	534	97
169	168	481	94
169	170	461	98
169	184	554	85
170	155	456	83
170	169	266	83
170	171	384	80
170	185	442	98
171	156	547	95
171	170	392	95
171	172	229	86
171	186	302	82
172	157	388	93
172	171	194	89
172	173	366	92
172	187	377	95
173	158	509	86
173	172	387	87
173	174	387	82
173	188	448	100
174	159	310	87
174	173	221	89
174	175	343	100
174	189	425	96
175	160	473	89
175	174	505	84
175	176	558	96
175	190	291	88
176	161	182	97
176	175	251	83
176	177	224	93
176	191	286	81
177	162	444	89
177	176	507	83
177	178	392	85
177	192	380	94
178	163	255	95
178	177	338	98
178	179	377	89
178	193	304	96
179	164	493	92
179	178	520	87
179	180	372	87
179	194	396	80
180	165	264	88
180	179	307	81
180	195	510	99
181	166	530	95
181	182	222	96
181	196	433	81
182	167	363	91
182	181	187	89
182	183	358	82
182	197	522	92
183	168	298	81
183	182	530	95
183	184	380	100
183	198	443	91
184	169	314	96
184	183	349	85
184	185	198	82
184	199	210	81
185	170	554	97
185	184	338	81
185	186	223	85
185	200	349	83
186	171	313	85
186	185	359	92
186	187	192	85
186	201	529	83
187	172	561	97
187	186	569	97
187	188	232	91
187	202	397	81
188	173	382	84
188	187	257	84
188	189	483	86
188	203	390	91
189	174	347	95
189	188	473	92
189	190	575	88
189	204	480	85
190	175	435	95
190	189	282	92
190	191	491	91
190	205	225	87
191	176	311	84
191	190	346	88
191	192	518	91
191	206	476	80
192	177	375	97
192	191	451	87
192	193	199	100
192	207	509	80
193	178	198	92
193	192	285	92
193	194	398	80
193	208	547	87
194	179	348	87
194	193	494	95
194	195	396	87
194	209	229	96
195	180	230	94
195	194	499	80
195	210	526	95
196	181	188	92
196	197	344	85
196	211	535	87
197	182	261	99
197	196	507	95
197	198	378	86
197	212	363	91
198	183	261	91
198	197	414	80
198	199	348	87
198	213	528	92
199	184	307	80
199	198	567	99
199	200	192	81
199	214	228	80
200	185	416	83
200	199	312	82
200	201	242	95
200	215	438	98
201	186	267	84
201	200	456	92
201	202	375	89
201	216	380	91
202	187	229	81
202	201	334	94
202	203	259	88
202	217	372	94
203	188	333	86
203	202	518	92
203	204	511	93
203	218	344	100
204	189	470	97
204	203	343	80
204	205	377	84
204	219	264	100
205	190	548	93
205	204	408	92
205	206	541	91
205	220	547	89
206	191	312	80
206	205	408	85
206	207	281	85
206	221	308	91
207	192	342	94
207	206	469	82
207	208	390	97
207	222	320	95
208	193	340	94
208	207	346	83
208	209	256	95
208	223	540	83
209	194	222	84
209	208	245	85
209	210	542	98
209	224	262	94
210	195	518	84
210	209	426	100
210	225	244	93
211	196	370	99
211	212	410	84
212	197	561	83
212	211	371	83
212	213	542	80
213	198	300	87
213	212	403	80
213	214	241	98
214	199	468	82
214	213	435	82
214	215	331	100
215	200	211	83
215	214	360	92
215	216	498	100
216	201	524	84
216	215	453	80
216	217	191	93
217	202	471	88
217	216	541	95
217	218	388	93
218	203	554	96
218	217	493	96
218	219	464	80
219	204	395	91
219	218	574	95
219	220	422	93
220	205	559	94
220	219	394	87
220	221	560	100
221	206	402	95
221	220	228	99
221	222	541	82
222	207	453	96
222	221	368	94
222	223	411	82
223	208	214	94
223	222	516	81
223	224	186	80
224	209	195	100
224	223	532	93
224	225	557	89
225	210	348	92
225	224	202	99
