1	2	403	91
1	26	550	97
2	1	369	95
2	3	405	82
2	27	417	92
3	2	619	85
3	4	682	95
3	28	556	97
4	3	442	93
4	5	409	83
4	29	459	85
5	4	408	99
5	6	377	87
5	30	394	80
6	5	749	85
6	7	578	98
6	31	521	88
7	6	709	93
7	8	691	84
7	32	490	85
8	7	616	81
8	9	424	96
8	33	550	96
9	8	548	88
9	10	461	87
9	34	652	98
10	9	476	84
10	11	685	97
10	35	535	100
11	10	549	83
11	12	483	99
11	36	680	94
12	11	419	88
12	13	664	86
12	37	570	96
13	12	567	83
13	14	643	98
13	38	717	85
14	13	499	93
14	15	534	86
14	39	567	93
15	14	648	94
15	16	531	82
15	40	649	96
16	15	705	91
16	17	417	88
16	41	644	92
17	16	586	98
17	18	516	83
17	42	599	82
18	17	739	88
18	19	523	94
18	43	449	96
19	18	461	94
19	20	548	80
19	44	548	94
20	19	494	86
20	21	756	100
20	45	558	100
21	20	563	94
21	22	409	82
21	46	718	89
22	21	663	98
22	23	436	88
22	47	672	100
23	22	511	89
23	24	651	81
23	48	363	92
24	23	537	98
24	25	594	92
24	49	451	92
25	24	398	92
25	50	641	96
26	1	470	94
26	27	641	99
26	51	736	97
27	2	545	97
27	26	670	92
27	28	728	89
27	52	476	95
28	3	638	82
28	27	456	84
28	29	529	89
28	53	460	99
29	4	412	96
29	28	679	81
29	30	546	94
29	54	729	94
30	5	522	95
30	29	672	80
30	31	657	81
30	55	569	95
31	6	637	94
31	30	641	95
31	32	638	81
31	56	505	88
32	7	503	81
32	31	404	94
32	33	621	80
32	57	605	98
33	8	633	94
33	32	750	80
33	34	604	86
33	58	461	95
34	9	416	82
34	33	682	98
34	35	733	85
34	59	407	81
35	10	488	95
35	34	399	86
35	36	650	91
35	60	531	93
36	11	749	87
36	35	486	96
36	37	440	99
36	61	659	99
37	12	459	89
37	36	369	98
37	38	678	93
37	62	648	87
38	13	617	91
38	37	504	83
38	39	487	85
38	63	585	96
39	14	628	97
39	38	559	96
39	40	727	82
39	64	615	82
40	15	693	84
40	39	443	94
40	41	427	86
40	65	397	100
41	16	702	93
41	40	470	93
41	42	758	96
41	66	723	87
42	17	681	94
42	41	682	87
42	43	688	83
42	67	485	83
43	18	365	96
43	42	436	96
43	44	595	89
43	68	725	83
44	19	545	91
44	43	681	92
44	45	388	92
44	69	565	85
45	20	578	94
45	44	411	94
45	46	415	95
45	70	750	84
46	21	683	83
46	45	543	84
46	47	497	94
46	71	378	89
47	22	634	85
47	46	696	92
47	48	585	85
47	72	582	98
48	23	656	92
48	47	516	99
48	49	753	97
48	73	727	89
49	24	554	84
49	48	626	80
49	50	453	80
49	74	473	97
50	25	461	98
50	49	454	86
50	75	725	94
51	26	481	85
51	52	445	91
51	76	402	84
52	27	488	88
52	51	716	84
52	53	364	81
52	77	424	82
53	28	624	83
53	52	713	86
53	54	398	91
53	78	472	100
54	29	563	83
54	53	366	95
54	55	468	85
54	79	466	80
55	30	675	91
55	54	402	84
55	56	539	86
55	80	466	94
56	31	403	85
56	55	710	85
56	57	447	82
56	81	696	84
57	32	623	97
57	56	473	94
57	58	433	95
57	82	480	81
58	33	566	85
58	57	685	85
58	59	620	100
58	83	569	91
59	34	600	82
59	58	595	80
59	60	633	85
59	84	703	96
60	35	388	83
60	59	653	84
60	61	376	88
60	85	482	88
61	36	541	91
61	60	724	94
61	62	383	86
61	86	606	92
62	37	469	92
62	61	516	93
62	63	751	83
62	87	538	99
63	38	546	86
63	62	602	84
63	64	670	88
63	88	472	86
64	39	511	88
64	63	589	85
64	65	758	94
64	89	446	98
65	40	594	88
65	64	400	94
65	66	624	81
65	90	479	93
66	41	511	98
66	65	423	100
66	67	659	93
66	91	586	87
67	42	408	91
67	66	512	95
67	68	472	100
67	92	534	91
68	43	496	84
68	67	370	97
68	69	592	85
68	93	612	89
69	44	667	93
69	68	504	95
69	70	636	84
69	94	455	82
70	45	415	97
70	69	705	89
70	71	554	88
70	95	412	91
71	46	373	100
71	70	406	86
71	72	587	98
71	96	501	96
72	47	577	88
72	71	699	92
72	73	518	98
72	97	616	94
73	48	365	89
73	72	758	93
73	74	648	82
73	98	660	85
74	49	639	82
74	73	438	98
74	75	715	85
74	99	652	97
75	50	579	96
75	74	608	85
75	100	742	84
76	51	679	85
76	77	746	84
76	101	589	87
77	52	461	81
77	76	756	99
77	78	666	93
77	102	651	86
78	53	496	94
78	77	448	82
78	79	422	85
78	103	529	88
79	54	733	81
79	78	729	81
79	80	756	82
79	104	733	96
80	55	690	98
80	79	729	82
80	81	405	91
80	105	406	92
81	56	492	96
81	80	643	94
81	82	369	86
81	106	489	93
82	57	464	85
82	81	645	88
82	83	639	88
82	107	366	88
83	58	365	88
83	82	701	94
83	84	683	98
83	108	742	87
84	59	662	91
84	83	708	84
84	85	413	81
84	109	521	94
85	60	468	94
85	84	646	97
85	86	543	88
85	110	447	81
86	61	541	100
86	85	603	93
86	87	647	83
86	111	469	83
87	62	383	93
87	86	716	96
87	88	632	97
87	112	388	87
88	63	616	99
88	87	522	82
88	89	738	81
88	113	363	84
89	64	486	94
89	88	551	80
89	90	579	87
89	114	419	82
90	65	467	81
90	89	445	88
90	91	739	93
90	115	735	98
91	66	622	91
91	90	455	97
91	92	625	89
91	116	665	92
92	67	688	93
92	91	577	95
92	93	507	88
92	117	663	93
93	68	534	89
93	92	601	86
93	94	638	91
93	118	664	96
94	69	586	96
94	93	523	80
94	95	587	81
94	119	694	98
95	70	435	100
95	94	589	100
95	96	477	97
95	120	463	80
96	71	439	88
96	95	429	82
96	97	455	80
96	121	511	89
97	72	540	93
97	96	553	85
97	98	504	81
97	122	462	99
98	73	693	100
98	97	459	96
98	99	502	80
98	123	556	97
99	74	737	96
99	98	623	91
99	100	650	91
99	124	412	83
100	75	511	96
100	99	632	94
100	125	576	81
101	76	399	98
101	102	421	96
101	126	726	94
102	77	429	88
102	101	759	87
102	103	484	88
102	127	601	87
103	78	674	92
103	102	661	95
103	104	460	93
103	128	750	97
104	79	702	89
104	103	738	89
104	105	671	87
104	129	590	88
105	80	574	82
105	104	479	97
105	106	533	97
105	130	649	82
106	81	390	96
106	105	421	98
106	107	410	88
106	131	671	84
107	82	430	97
107	106	530	94
107	108	599	81
107	132	500	89
108	83	539	84
108	107	708	91
108	109	664	96
108	133	405	82
109	84	708	89
109	108	403	87
109	110	525	96
109	134	514	89
110	85	533	81
110	109	479	97
110	111	524	98
110	135	416	93
111	86	678	87
111	110	714	100
111	112	665	93
111	136	590	80
112	87	459	89
112	111	482	97
112	113	662	80
112	137	730	86
113	88	649	81
113	112	382	80
113	114	583	84
113	138	625	84
114	89	423	96
114	113	384	96
114	115	530	86
114	139	656	97
115	90	362	95
115	114	646	100
115	116	733	88
115	140	372	99
116	91	411	87
116	115	564	94
116	117	514	94
116	141	617	93
117	92	725	88
117	116	633	96
117	118	684	95
117	142	447	94
118	93	701	97
118	117	656	92
118	119	634	82
118	143	735	80
119	94	507	83
119	118	486	80
119	120	694	88
119	144	487	80
120	95	435	81
120	119	450	91
120	121	597	86
120	145	565	93
121	96	373	81
121	120	426	91
121	122	643	83
121	146	457	91
122	97	725	84
122	121	730	95
122	123	396	83
122	147	373	97
123	98	675	89
123	122	578	80
123	124	703	94
123	148	710	85
124	99	721	88
124	123	479	89
124	125	666	88
124	149	374	98
125	100	589	96
125	124	738	80
125	150	568	95
126	101	394	80
126	127	626	80
126	151	412	83
127	102	379	89
127	126	712	97
127	128	607	92
127	152	494	80
128	103	430	98
128	127	606	85
128	129	455	89
128	153	483	95
129	104	701	81
129	128	594	99
129	130	376	85
129	154	500	93
130	105	505	98
130	129	707	94
130	131	554	91
130	155	523	96
131	106	594	86
131	130	571	95
131	132	683	96
131	156	490	95
132	107	710	88
132	131	573	86
132	133	665	89
132	157	438	93
133	108	563	97
133	132	372	95
133	134	397	81
133	158	451	89
134	109	489	98
134	133	409	86
134	135	734	85
134	159	755	95
135	110	560	83
135	134	690	80
135	136	361	94
135	160	547	85
136	111	392	82
136	135	500	82
136	137	681	88
136	161	713	91
137	112	437	96
137	136	507	94
137	138	625	85
137	162	584	83
138	113	597	95
138	137	524	87
138	139	709	83
138	163	715	82
139	114	545	95
139	138	385	91
139	140	637	80
139	164	632	82
140	115	391	87
140	139	408	99
140	141	573	89
140	165	717	91
141	116	487	81
141	140	494	96
141	142	387	84
141	166	396	91
142	117	594	87
142	141	737	97
142	143	593	99
142	167	580	87
143	118	419	92
143	142	597	96
143	144	489	95
143	168	538	82
144	119	537	84
144	143	709	88
144	145	413	97
144	169	757	91
145	120	503	95
145	144	380	93
145	146	424	100
145	170	743	98
146	121	386	91
146	145	445	94
146	147	722	87
146	171	544	92
147	122	507	89
147	146	539	89
147	148	528	84
147	172	542	81
148	123	423	87
148	147	448	88
148	149	715	95
148	173	677	97
149	124	755	87
149	148	609	98
149	150	532	95
149	174	483	82
150	125	468	99
150	149	608	83
150	175	505	100
151	126	671	85
151	152	433	94
151	176	750	95
152	127	649	91
152	151	449	95
152	153	659	99
152	177	361	97
153	128	490	86
153	152	520	96
153	154	437	92
153	178	677	91
154	129	416	83
154	153	731	93
154	155	376	98
154	179	396	83
155	130	467	96
155	154	740	82
155	156	376	83
155	180	543	80
156	131	481	96
156	155	646	88
156	157	520	87
156	181	716	81
157	132	496	94
157	156	366	87
157	158	523	95
157	182	575	97
158	133	541	88
158	157	708	88
158	159	735	87
158	183	641	91
159	134	710	97
159	158	499	97
159	160	716	95
159	184	655	81
160	135	636	83
160	159	749	83
160	161	392	83
160	185	371	98
161	136	486	89
161	160	594	97
161	162	612	95
161	186	648	98
162	137	581	81
162	161	389	97
162	163	509	98
162	187	488	87
163	138	553	83
163	162	715	84
163	164	486	100
163	188	696	85
164	139	760	94
164	163	656	95
164	165	631	96
164	189	620	96
165	140	460	92
165	164	522	98
165	166	583	85
165	190	638	86
166	141	666	99
166	165	757	99
166	167	654	81
166	191	443	80
167	142	588	80
167	166	622	93
167	168	621	99
167	192	602	93
168	143	383	100
168	167	395	91
168	169	405	88
168	193	643	98
169	144	714	97
169	168	661	94
169	170	641	98
169	194	734	85
170	145	636	83
170	169	446	83
170	171	564	80
170	195	622	98
171	146	727	95
171	170	572	95
171	172	409	86
171	196	482	82
172	147	568	93
172	171	374	89
172	173	546	92
172	197	557	95
173	148	689	86
173	172	567	87
173	174	567	82
173	198	628	100
174	149	490	87
174	173	401	89
174	175	523	100
174	199	605	96
175	150	653	89
175	174	685	84
175	200	738	96
176	151	471	88
176	177	362	97
176	201	431	83
177	152	404	93
177	176	466	81
177	178	624	89
177	202	687	83
178	153	572	85
178	177	560	94
178	179	435	95
178	203	518	98
179	154	557	89
179	178	484	96
179	180	673	92
179	204	700	87
180	155	552	87
180	179	576	80
180	181	444	88
180	205	487	81
181	156	690	99
181	180	710	95
181	182	402	96
181	206	613	81
182	157	543	91
182	181	367	89
182	183	538	82
182	207	702	92
183	158	478	81
183	182	710	95
183	184	560	100
183	208	623	91
184	159	494	96
184	183	529	85
184	185	378	82
184	209	390	81
185	160	734	97
185	184	518	81
185	186	403	85
185	210	529	83
186	161	493	85
186	185	539	92
186	187	372	85
186	211	709	83
187	162	741	97
187	186	749	97
187	188	412	91
187	212	577	81
188	163	562	84
188	187	437	84
188	189	663	86
188	213	570	91
189	164	527	95
189	188	653	92
189	190	755	88
189	214	660	85
190	165	615	95
190	189	462	92
190	191	671	91
190	215	405	87
191	166	491	84
191	190	526	88
191	192	698	91
191	216	656	80
192	167	555	97
192	191	631	87
192	193	379	100
192	217	689	80
193	168	378	92
193	192	465	92
193	194	578	80
193	218	727	87
194	169	528	87
194	193	674	95
194	195	576	87
194	219	409	96
195	170	410	94
195	194	679	80
195	196	706	95
195	220	368	92
196	171	524	85
196	195	715	87
196	197	441	99
196	221	687	95
197	172	558	86
197	196	543	91
197	198	441	91
197	222	594	80
198	173	528	87
198	197	708	92
198	199	487	80
198	223	747	99
199	174	372	81
199	198	408	80
199	200	596	83
199	224	492	82
200	175	422	95
200	199	618	98
200	225	447	84
201	176	636	92
201	202	555	89
201	226	560	91
202	177	409	81
202	201	514	94
202	203	439	88
202	227	552	94
203	178	513	86
203	202	698	92
203	204	691	93
203	228	524	100
204	179	650	97
204	203	523	80
204	205	557	84
204	229	444	100
205	180	728	93
205	204	588	92
205	206	721	91
205	230	727	89
206	181	492	80
206	205	588	85
206	207	461	85
206	231	488	91
207	182	522	94
207	206	649	82
207	208	570	97
207	232	500	95
208	183	520	94
208	207	526	83
208	209	436	95
208	233	720	83
209	184	402	84
209	208	425	85
209	210	722	98
209	234	442	94
210	185	698	84
210	209	606	100
210	211	424	93
210	235	550	99
211	186	590	84
211	210	741	83
211	212	551	83
211	236	722	80
212	187	480	87
212	211	583	80
212	213	421	98
212	237	648	82
213	188	615	82
213	212	511	100
213	214	391	83
213	238	540	92
214	189	678	100
214	213	704	84
214	215	633	80
214	239	371	93
215	190	651	88
215	214	721	95
215	216	568	93
215	240	734	96
216	191	673	96
216	215	644	80
216	217	575	91
216	241	754	95
217	192	602	93
217	216	739	94
217	218	574	87
217	242	740	100
218	193	582	95
218	217	408	99
218	219	721	82
218	243	633	96
219	194	548	94
219	218	591	82
219	220	394	94
219	244	696	81
220	195	366	80
220	219	375	100
220	221	712	93
220	245	737	89
221	196	528	92
221	220	382	99
221	222	383	94
221	246	702	97
222	197	704	99
222	221	491	86
222	223	499	86
222	247	516	86
223	198	483	95
223	222	461	99
223	224	492	94
223	248	427	86
224	199	396	91
224	223	614	98
224	225	452	87
224	249	523	87
225	200	743	82
225	224	745	83
225	250	444	98
226	201	669	89
226	227	735	89
226	251	414	80
227	202	405	94
227	226	750	91
227	228	666	81
227	252	391	95
228	203	462	95
228	227	460	93
228	229	419	94
228	253	414	83
229	204	464	97
229	228	510	86
229	230	630	98
229	254	613	84
230	205	547	80
230	229	524	89
230	231	614	99
230	255	585	97
231	206	753	94
231	230	666	99
231	232	567	87
231	256	653	87
232	207	699	80
232	231	686	91
232	233	566	85
232	257	496	94
233	208	521	86
233	232	621	92
233	234	657	81
233	258	501	98
234	209	499	80
234	233	432	82
234	235	572	93
234	259	603	91
235	210	587	91
235	234	442	89
235	236	563	82
235	260	369	95
236	211	434	94
236	235	612	98
236	237	686	87
236	261	700	83
237	212	747	100
237	236	552	95
237	238	424	84
237	262	505	88
238	213	571	86
238	237	701	91
238	239	389	87
238	263	711	91
239	214	525	92
239	238	555	81
239	240	391	91
239	264	570	84
240	215	589	87
240	239	404	94
240	241	400	98
240	265	635	81
241	216	471	81
241	240	425	84
241	242	716	83
241	266	552	86
242	217	749	84
242	241	420	80
242	243	641	85
242	267	443	82
243	218	415	89
243	242	434	81
243	244	394	86
243	268	440	82
244	219	626	82
244	243	741	95
244	245	751	95
244	269	725	97
245	220	671	87
245	244	636	87
245	246	749	91
245	270	647	89
246	221	382	91
246	245	517	96
246	247	749	91
246	271	479	96
247	222	583	87
247	246	703	96
247	248	376	81
247	272	372	100
248	223	596	87
248	247	662	83
248	249	651	83
248	273	464	95
249	224	430	83
249	248	504	88
249	250	626	88
249	274	728	98
250	225	637	92
250	249	409	93
250	275	631	82
251	226	490	89
251	252	678	91
251	276	640	85
252	227	449	95
252	251	609	100
252	253	392	100
252	277	620	91
253	228	535	92
253	252	664	93
253	254	581	85
253	278	523	92
254	229	581	84
254	253	512	94
254	255	543	85
254	279	645	82
255	230	750	100
255	254	589	98
255	256	532	85
255	280	417	87
256	231	684	86
256	255	705	93
256	257	594	83
256	281	728	86
257	232	409	95
257	256	505	88
257	258	563	93
257	282	612	84
258	233	633	82
258	257	549	81
258	259	645	80
258	283	365	83
259	234	566	100
259	258	385	84
259	260	600	92
259	284	561	97
260	235	760	83
260	259	567	81
260	261	523	91
260	285	612	88
261	236	699	87
261	260	583	91
261	262	462	93
261	286	362	94
262	237	635	83
262	261	466	83
262	263	654	100
262	287	743	80
263	238	585	93
263	262	427	86
263	264	416	100
263	288	592	97
264	239	414	100
264	263	706	97
264	265	692	89
264	289	459	88
265	240	703	88
265	264	365	91
265	266	672	92
265	290	490	100
266	241	721	85
266	265	422	97
266	267	694	94
266	291	442	85
267	242	409	88
267	266	460	80
267	268	641	97
267	292	486	81
268	243	693	100
268	267	491	92
268	269	449	86
268	293	467	89
269	244	640	89
269	268	434	96
269	270	735	92
269	294	687	82
270	245	562	82
270	269	557	98
270	271	554	83
270	295	659	81
271	246	386	85
271	270	468	91
271	272	715	93
271	296	511	84
272	247	401	93
272	271	396	80
272	273	438	100
272	297	697	81
273	248	499	80
273	272	741	93
273	274	597	86
273	298	668	83
274	249	610	81
274	273	441	89
274	275	540	86
274	299	579	91
275	250	460	86
275	274	531	82
275	300	502	88
276	251	691	87
276	277	553	80
276	301	649	84
277	252	637	95
277	276	522	98
277	278	491	97
277	302	456	94
278	253	657	97
278	277	422	80
278	279	551	82
278	303	524	91
279	254	719	96
279	278	425	80
279	280	621	86
279	304	671	84
280	255	747	93
280	279	644	100
280	281	420	100
280	305	685	88
281	256	417	98
281	280	475	82
281	282	699	87
281	306	616	98
282	257	616	88
282	281	463	80
282	283	557	93
282	307	388	91
283	258	577	82
283	282	505	91
283	284	557	81
283	308	704	81
284	259	720	99
284	283	640	100
284	285	383	89
284	309	594	83
285	260	589	86
285	284	501	91
285	286	725	96
285	310	376	81
286	261	726	81
286	285	478	93
286	287	530	92
286	311	593	83
287	262	663	86
287	286	664	98
287	288	498	98
287	312	487	93
288	263	668	89
288	287	648	92
288	289	380	91
288	313	571	80
289	264	653	85
289	288	609	100
289	290	545	87
289	314	460	94
290	265	644	87
290	289	379	98
290	291	557	85
290	315	532	94
291	266	639	94
291	290	534	85
291	292	475	80
291	316	572	97
292	267	668	100
292	291	585	87
292	293	361	100
292	317	367	87
293	268	449	94
293	292	717	93
293	294	552	92
293	318	608	83
294	269	676	91
294	293	552	80
294	295	561	87
294	319	676	83
295	270	535	99
295	294	584	91
295	296	760	94
295	320	452	100
296	271	671	94
296	295	568	96
296	297	732	89
296	321	738	96
297	272	606	88
297	296	507	88
297	298	414	98
297	322	631	93
298	273	632	97
298	297	508	98
298	299	745	100
298	323	429	91
299	274	395	98
299	298	369	87
299	300	726	100
299	324	415	82
300	275	559	86
300	299	364	98
300	325	407	92
301	276	496	84
301	302	594	88
301	326	470	96
302	277	718	80
302	301	656	100
302	303	676	80
302	327	731	86
303	278	448	84
303	302	374	91
303	304	725	96
303	328	382	84
304	279	488	88
304	303	590	91
304	305	587	80
304	329	437	89
305	280	460	94
305	304	759	94
305	306	372	98
305	330	561	80
306	281	623	89
306	305	577	88
306	307	572	82
306	331	529	94
307	282	590	96
307	306	525	97
307	308	551	95
307	332	702	99
308	283	561	85
308	307	400	97
308	309	641	80
308	333	603	86
309	284	574	83
309	308	398	96
309	310	441	81
309	334	447	99
310	285	708	83
310	309	708	94
310	311	537	84
310	335	687	95
311	286	528	94
311	310	575	89
311	312	659	98
311	336	443	81
312	287	702	87
312	311	411	92
312	313	683	88
312	337	675	85
313	288	689	97
313	312	693	85
313	314	688	98
313	338	553	84
314	289	624	80
314	313	429	89
314	315	490	92
314	339	510	83
315	290	500	89
315	314	550	93
315	316	453	84
315	340	409	97
316	291	366	89
316	315	583	100
316	317	402	87
316	341	716	100
317	292	654	92
317	316	377	85
317	318	444	84
317	342	721	98
318	293	743	100
318	317	441	88
318	319	503	87
318	343	481	91
319	294	479	82
319	318	655	84
319	320	399	84
319	344	538	80
320	295	756	97
320	319	516	97
320	321	465	95
320	345	489	99
321	296	679	84
321	320	688	95
321	322	527	99
321	346	452	100
322	297	609	94
322	321	609	82
322	323	451	91
322	347	505	86
323	298	621	97
323	322	725	87
323	324	482	86
323	348	556	83
324	299	469	94
324	323	506	100
324	325	566	100
324	349	505	80
325	300	578	98
325	324	423	80
325	350	495	93
326	301	757	84
326	327	584	82
326	351	620	96
327	302	460	99
327	326	561	95
327	328	515	92
327	352	476	84
328	303	647	92
328	327	626	83
328	329	746	97
328	353	590	91
329	304	677	99
329	328	674	98
329	330	628	81
329	354	580	93
330	305	698	94
330	329	412	81
330	331	705	80
330	355	626	100
331	306	558	97
331	330	555	92
331	332	435	100
331	356	555	98
332	307	458	82
332	331	396	84
332	333	730	92
332	357	400	93
333	308	695	93
333	332	558	82
333	334	413	94
333	358	615	87
334	309	723	82
334	333	603	92
334	335	727	81
334	359	697	89
335	310	728	93
335	334	564	100
335	336	588	84
335	360	388	80
336	311	741	85
336	335	453	82
336	337	703	97
336	361	608	98
337	312	498	84
337	336	414	84
337	338	474	86
337	362	689	93
338	313	649	95
338	337	377	95
338	339	578	99
338	363	674	97
339	314	551	99
339	338	690	88
339	340	363	96
339	364	435	89
340	315	439	95
340	339	569	81
340	341	549	94
340	365	382	92
341	316	388	84
341	340	651	91
341	342	363	95
341	366	719	92
342	317	693	82
342	341	496	96
342	343	407	95
342	367	412	81
343	318	465	99
343	342	511	87
343	344	386	97
343	368	431	100
344	319	657	91
344	343	754	86
344	345	596	80
344	369	430	91
345	320	747	87
345	344	477	93
345	346	689	92
345	370	626	85
346	321	465	94
346	345	480	91
346	347	632	80
346	371	437	96
347	322	607	83
347	346	528	83
347	348	563	86
347	372	446	93
348	323	718	93
348	347	704	96
348	349	466	81
348	373	457	91
349	324	482	96
349	348	549	98
349	350	371	81
349	374	589	83
350	325	612	97
350	349	462	80
350	375	395	95
351	326	591	92
351	352	468	96
351	376	415	92
352	327	536	99
352	351	729	91
352	353	609	84
352	377	450	97
353	328	730	91
353	352	607	84
353	354	679	99
353	378	422	97
354	329	685	91
354	353	489	92
354	355	470	82
354	379	637	86
355	330	407	96
355	354	686	87
355	356	541	86
355	380	471	99
356	331	530	81
356	355	759	85
356	357	629	96
356	381	614	97
357	332	554	97
357	356	518	87
357	358	651	95
357	382	402	100
358	333	516	93
358	357	566	96
358	359	518	82
358	383	712	98
359	334	601	91
359	358	749	92
359	360	371	86
359	384	672	83
360	335	603	100
360	359	695	94
360	361	646	85
360	385	651	93
361	336	550	97
361	360	373	86
361	362	388	83
361	386	593	88
362	337	409	95
362	361	462	87
362	363	424	96
362	387	555	80
363	338	582	81
363	362	479	96
363	364	606	100
363	388	513	97
364	339	697	93
364	363	429	98
364	365	541	82
364	389	704	98
365	340	426	89
365	364	746	92
365	366	607	82
365	390	749	89
366	341	616	81
366	365	678	83
366	367	693	86
366	391	446	82
367	342	473	82
367	366	689	88
367	368	645	97
367	392	468	92
368	343	688	86
368	367	631	84
368	369	658	99
368	393	652	96
369	344	637	94
369	368	454	98
369	370	403	93
369	394	523	92
370	345	749	94
370	369	418	92
370	371	723	86
370	395	527	88
371	346	571	92
371	370	362	89
371	372	691	85
371	396	633	81
372	347	435	95
372	371	601	87
372	373	660	100
372	397	363	92
373	348	433	87
373	372	407	80
373	374	499	92
373	398	517	96
374	349	626	85
374	373	642	99
374	375	452	86
374	399	651	96
375	350	594	99
375	374	499	89
375	400	599	93
376	351	577	91
376	377	631	87
376	401	523	96
377	352	371	91
377	376	739	100
377	378	710	100
377	402	660	92
378	353	494	98
378	377	532	87
378	379	727	85
378	403	716	95
379	354	404	95
379	378	634	81
379	380	529	100
379	404	369	95
380	355	725	88
380	379	397	84
380	381	451	84
380	405	507	100
381	356	631	87
381	380	369	80
381	382	461	95
381	406	658	99
382	357	515	89
382	381	619	93
382	383	638	85
382	407	661	81
383	358	548	83
383	382	503	96
383	384	687	97
383	408	557	88
384	359	378	86
384	383	560	91
384	385	407	92
384	409	447	89
385	360	547	99
385	384	581	87
385	386	425	94
385	410	690	83
386	361	466	95
386	385	527	84
386	387	705	97
386	411	604	96
387	362	740	94
387	386	746	81
387	388	547	82
387	412	419	87
388	363	671	92
388	387	560	91
388	389	391	82
388	413	666	81
389	364	738	85
389	388	488	82
389	390	737	93
389	414	540	93
390	365	478	97
390	389	757	88
390	391	481	83
390	415	627	94
391	366	375	100
391	390	563	98
391	392	410	91
391	416	728	84
392	367	567	86
392	391	364	89
392	393	531	86
392	417	567	80
393	368	588	91
393	392	440	100
393	394	576	96
393	418	532	84
394	369	561	89
394	393	404	100
394	395	381	100
394	419	617	88
395	370	440	100
395	394	517	95
395	396	651	93
395	420	723	92
396	371	532	93
396	395	663	80
396	397	438	85
396	421	484	80
397	372	698	86
397	396	673	92
397	398	622	91
397	422	584	92
398	373	650	91
398	397	619	84
398	399	524	98
398	423	518	87
399	374	760	98
399	398	381	100
399	400	562	95
399	424	363	93
400	375	586	80
400	399	725	86
400	425	456	98
401	376	732	83
401	402	532	86
401	426	361	95
402	377	695	97
402	401	458	80
402	403	660	85
402	427	446	81
403	378	391	97
403	402	577	86
403	404	452	87
403	428	591	99
404	379	408	91
404	403	574	84
404	405	749	88
404	429	637	80
405	380	512	82
405	404	656	88
405	406	470	86
405	430	663	86
406	381	616	96
406	405	408	82
406	407	531	87
406	431	681	99
407	382	470	100
407	406	399	80
407	408	371	96
407	432	494	82
408	383	676	98
408	407	701	88
408	409	694	96
408	433	366	87
409	384	569	83
409	408	481	91
409	410	655	93
409	434	578	100
410	385	650	97
410	409	631	100
410	411	682	89
410	435	521	82
411	386	708	83
411	410	394	80
411	412	362	87
411	436	599	100
412	387	522	80
412	411	757	91
412	413	598	97
412	437	398	91
413	388	671	96
413	412	364	94
413	414	648	91
413	438	387	88
414	389	759	85
414	413	717	92
414	415	458	80
414	439	608	97
415	390	562	80
415	414	426	95
415	416	511	84
415	440	427	93
416	391	625	82
416	415	471	95
416	417	388	95
416	441	398	87
417	392	598	93
417	416	640	97
417	418	671	100
417	442	713	100
418	393	648	80
418	417	699	82
418	419	582	83
418	443	487	84
419	394	645	83
419	418	465	89
419	420	392	95
419	444	760	93
420	395	433	100
420	419	742	100
420	421	595	80
420	445	651	94
421	396	711	100
421	420	476	84
421	422	463	96
421	446	760	87
422	397	623	95
422	421	503	96
422	423	404	100
422	447	451	81
423	398	380	91
423	422	438	80
423	424	721	98
423	448	692	94
424	399	617	95
424	423	686	80
424	425	402	84
424	449	719	94
425	400	406	89
425	424	521	93
425	450	529	98
426	401	574	88
426	427	433	80
426	451	598	86
427	402	752	87
427	426	591	92
427	428	449	84
427	452	475	88
428	403	603	86
428	427	679	91
428	429	719	80
428	453	688	100
429	404	492	94
429	428	487	85
429	430	564	91
429	454	751	94
430	405	587	80
430	429	485	89
430	431	523	96
430	455	646	81
431	406	382	94
431	430	648	84
431	432	441	88
431	456	364	95
432	407	382	92
432	431	389	81
432	433	401	98
432	457	649	83
433	408	705	91
433	432	415	94
433	434	396	93
433	458	724	92
434	409	420	95
434	433	560	82
434	435	485	99
434	459	553	99
435	410	424	93
435	434	663	98
435	436	506	87
435	460	597	95
436	411	492	94
436	435	550	85
436	437	696	93
436	461	640	93
437	412	480	100
437	436	586	100
437	438	701	86
437	462	631	82
438	413	725	93
438	437	452	84
438	439	707	98
438	463	715	92
439	414	440	100
439	438	426	91
439	440	600	80
439	464	622	92
440	415	708	95
440	439	405	100
440	441	459	89
440	465	749	94
441	416	508	85
441	440	558	84
441	442	707	82
441	466	739	93
442	417	367	92
442	441	453	84
442	443	424	95
442	467	675	87
443	418	466	86
443	442	524	98
443	444	540	92
443	468	691	95
444	419	595	96
444	443	755	88
444	445	417	82
444	469	532	94
445	420	384	81
445	444	414	96
445	446	529	98
445	470	448	95
446	421	423	88
446	445	539	84
446	447	564	91
446	471	565	96
447	422	667	96
447	446	598	81
447	448	450	96
447	472	513	81
448	423	755	86
448	447	614	100
448	449	415	94
448	473	463	89
449	424	656	83
449	448	610	84
449	450	415	99
449	474	539	83
450	425	636	85
450	449	625	87
450	475	606	93
451	426	562	95
451	452	583	97
451	476	383	99
452	427	412	80
452	451	703	88
452	453	483	88
452	477	660	85
453	428	673	100
453	452	585	96
453	454	471	84
453	478	627	85
454	429	395	87
454	453	622	86
454	455	663	94
454	479	411	96
455	430	620	82
455	454	737	99
455	456	385	85
455	480	366	99
456	431	519	85
456	455	630	98
456	457	614	93
456	481	680	85
457	432	628	92
457	456	756	84
457	458	433	99
457	482	419	99
458	433	734	96
458	457	589	87
458	459	526	98
458	483	436	93
459	434	525	91
459	458	503	96
459	460	518	83
459	484	432	99
460	435	520	94
460	459	669	100
460	461	369	99
460	485	623	82
461	436	592	91
461	460	506	92
461	462	643	89
461	486	665	100
462	437	380	99
462	461	460	99
462	463	663	87
462	487	722	98
463	438	535	100
463	462	463	89
463	464	557	88
463	488	518	100
464	439	675	93
464	463	450	83
464	465	613	86
464	489	451	91
465	440	595	82
465	464	480	96
465	466	759	84
465	490	619	84
466	441	616	96
466	465	638	88
466	467	377	97
466	491	631	97
467	442	412	96
467	466	669	86
467	468	452	80
467	492	457	80
468	443	601	95
468	467	710	81
468	469	699	95
468	493	387	82
469	444	440	83
469	468	692	95
469	470	440	95
469	494	759	85
470	445	707	83
470	469	556	100
470	471	683	91
470	495	711	88
471	446	711	92
471	470	460	89
471	472	582	97
471	496	631	93
472	447	524	98
472	471	741	97
472	473	519	89
472	497	365	91
473	448	550	83
473	472	374	80
473	474	595	82
473	498	636	96
474	449	751	80
474	473	526	92
474	475	363	87
474	499	545	93
475	450	436	98
475	474	723	98
475	500	603	99
476	451	625	87
476	477	528	81
476	501	638	86
477	452	558	84
477	476	683	88
477	478	420	87
477	502	626	82
478	453	639	85
478	477	725	98
478	479	531	89
478	503	391	88
479	454	415	88
479	478	606	94
479	480	685	98
479	504	533	98
480	455	698	88
480	479	669	88
480	481	607	94
480	505	755	85
481	456	737	89
481	480	647	95
481	482	665	96
481	506	666	86
482	457	536	98
482	481	678	86
482	483	364	95
482	507	576	88
483	458	499	98
483	482	500	95
483	484	704	83
483	508	613	96
484	459	426	82
484	483	695	85
484	485	712	81
484	509	749	93
485	460	470	95
485	484	428	93
485	486	672	96
485	510	479	92
486	461	455	80
486	485	368	99
486	487	749	91
486	511	735	92
487	462	592	86
487	486	423	99
487	488	732	95
487	512	375	100
488	463	377	85
488	487	582	95
488	489	404	87
488	513	633	92
489	464	708	86
489	488	508	98
489	490	650	92
489	514	669	84
490	465	416	80
490	489	544	95
490	491	420	97
490	515	402	100
491	466	635	81
491	490	605	96
491	492	459	87
491	516	577	98
492	467	615	86
492	491	411	92
492	493	501	96
492	517	628	99
493	468	394	95
493	492	730	92
493	494	476	87
493	518	709	89
494	469	741	91
494	493	679	98
494	495	394	85
494	519	444	85
495	470	584	96
495	494	364	83
495	496	665	97
495	520	367	85
496	471	733	85
496	495	710	99
496	497	732	88
496	521	606	86
497	472	510	97
497	496	549	84
497	498	551	92
497	522	387	92
498	473	505	86
498	497	420	96
498	499	422	87
498	523	506	97
499	474	460	95
499	498	755	83
499	500	482	100
499	524	737	80
500	475	700	100
500	499	707	95
500	525	582	88
501	476	747	91
501	502	528	82
501	526	482	84
502	477	646	93
502	501	461	94
502	503	386	96
502	527	638	91
503	478	636	86
503	502	463	82
503	504	398	85
503	528	420	96
504	479	634	87
504	503	374	89
504	505	514	85
504	529	579	85
505	480	547	87
505	504	587	92
505	506	461	87
505	530	757	81
506	481	754	96
506	505	508	100
506	507	713	87
506	531	479	98
507	482	407	80
507	506	673	97
507	508	699	88
507	532	636	87
508	483	693	81
508	507	706	91
508	509	649	99
508	533	503	95
509	484	579	80
509	508	467	92
509	510	509	88
509	534	364	80
510	485	737	85
510	509	370	94
510	511	719	87
510	535	412	93
511	486	384	99
511	510	624	85
511	512	678	96
511	536	369	89
512	487	727	89
512	511	554	85
512	513	507	91
512	537	503	84
513	488	540	96
513	512	582	81
513	514	714	82
513	538	506	96
514	489	379	93
514	513	409	95
514	515	586	86
514	539	482	87
515	490	552	81
515	514	381	91
515	516	716	95
515	540	519	82
516	491	548	85
516	515	382	82
516	517	467	88
516	541	705	95
517	492	651	96
517	516	434	99
517	518	607	85
517	542	445	96
518	493	638	99
518	517	556	92
518	519	703	97
518	543	556	91
519	494	681	88
519	518	445	92
519	520	707	88
519	544	575	84
520	495	568	100
520	519	548	85
520	521	737	86
520	545	382	83
521	496	741	95
521	520	681	82
521	522	460	87
521	546	558	87
522	497	488	94
522	521	556	92
522	523	508	96
522	547	576	95
523	498	372	82
523	522	392	87
523	524	512	85
523	548	463	94
524	499	641	92
524	523	752	83
524	525	599	82
524	549	608	87
525	500	698	92
525	524	584	86
525	550	534	93
526	501	582	87
526	527	577	97
526	551	627	97
527	502	542	88
527	526	410	98
527	528	712	85
527	552	733	88
528	503	404	84
528	527	393	80
528	529	520	80
528	553	687	98
529	504	465	83
529	528	506	85
529	530	518	80
529	554	662	91
530	505	730	82
530	529	664	91
530	531	475	100
530	555	500	82
531	506	499	88
531	530	498	89
531	532	719	91
531	556	757	86
532	507	725	95
532	531	714	100
532	533	702	84
532	557	689	96
533	508	724	86
533	532	697	95
533	534	756	97
533	558	539	85
534	509	638	92
534	533	417	82
534	535	722	100
534	559	479	91
535	510	475	81
535	534	505	94
535	536	596	87
535	560	384	88
536	511	727	98
536	535	561	100
536	537	483	87
536	561	388	81
537	512	591	97
537	536	751	99
537	538	575	81
537	562	393	81
538	513	389	93
538	537	361	88
538	539	477	95
538	563	481	83
539	514	618	98
539	538	370	81
539	540	581	95
539	564	413	98
540	515	631	94
540	539	507	81
540	541	402	87
540	565	556	80
541	516	560	98
541	540	639	93
541	542	598	97
541	566	408	87
542	517	703	86
542	541	581	87
542	543	374	92
542	567	695	86
543	518	379	92
543	542	557	96
543	544	593	81
543	568	377	93
544	519	470	98
544	543	409	80
544	545	695	89
544	569	557	85
545	520	451	86
545	544	581	91
545	546	555	93
545	570	626	95
546	521	541	95
546	545	572	87
546	547	565	92
546	571	626	95
547	522	562	85
547	546	704	100
547	548	685	97
547	572	387	92
548	523	543	100
548	547	463	84
548	549	546	88
548	573	600	97
549	524	663	92
549	548	494	100
549	550	535	80
549	574	390	86
550	525	752	91
550	549	693	91
550	575	375	97
551	526	546	95
551	552	571	84
551	576	672	81
552	527	696	88
552	551	584	89
552	553	665	88
552	577	651	89
553	528	532	83
553	552	386	87
553	554	620	87
553	578	646	96
554	529	637	92
554	553	602	81
554	555	527	81
554	579	411	84
555	530	749	85
555	554	548	84
555	556	464	84
555	580	397	83
556	531	696	82
556	555	590	92
556	557	613	89
556	581	591	89
557	532	678	100
557	556	559	89
557	558	426	91
557	582	705	80
558	533	616	86
558	557	369	80
558	559	646	87
558	583	559	99
559	534	703	99
559	558	391	86
559	560	602	88
559	584	539	87
560	535	639	85
560	559	559	81
560	561	581	83
560	585	590	92
561	536	504	94
561	560	556	84
561	562	510	100
561	586	387	82
562	537	739	81
562	561	451	92
562	563	728	100
562	587	377	84
563	538	574	91
563	562	552	85
563	564	496	83
563	588	734	96
564	539	414	95
564	563	624	95
564	565	428	91
564	589	688	99
565	540	679	97
565	564	457	98
565	566	480	85
565	590	506	80
566	541	628	88
566	565	717	85
566	567	483	82
566	591	572	91
567	542	473	96
567	566	475	100
567	568	461	87
567	592	640	80
568	543	693	99
568	567	749	80
568	569	527	97
568	593	516	99
569	544	664	98
569	568	434	88
569	570	370	96
569	594	428	85
570	545	515	85
570	569	389	85
570	571	559	100
570	595	758	81
571	546	727	94
571	570	425	94
571	572	465	100
571	596	590	87
572	547	580	91
572	571	577	94
572	573	615	87
572	597	739	96
573	548	368	87
573	572	604	93
573	574	692	97
573	598	716	100
574	549	492	80
574	573	694	91
574	575	597	93
574	599	513	91
575	550	738	92
575	574	532	91
575	600	578	83
576	551	641	93
576	577	465	99
576	601	483	84
577	552	646	86
577	576	508	87
577	578	597	85
577	602	475	94
578	553	486	84
578	577	584	81
578	579	558	97
578	603	718	82
579	554	474	89
579	578	427	88
579	580	629	87
579	604	645	98
580	555	620	83
580	579	425	99
580	581	469	85
580	605	623	97
581	556	437	80
581	580	513	93
581	582	702	91
581	606	399	91
582	557	569	80
582	581	543	89
582	583	671	85
582	607	448	87
583	558	361	86
583	582	751	97
583	584	491	98
583	608	582	96
584	559	615	86
584	583	597	97
584	585	500	83
584	609	383	89
585	560	521	89
585	584	430	97
585	586	631	80
585	610	622	98
586	561	384	96
586	585	656	88
586	587	398	96
586	611	630	80
587	562	365	92
587	586	448	82
587	588	439	96
587	612	377	91
588	563	442	96
588	587	687	96
588	589	697	92
588	613	627	84
589	564	595	88
589	588	371	99
589	590	575	91
589	614	730	96
590	565	453	84
590	589	382	84
590	591	563	95
590	615	614	80
591	566	586	86
591	590	642	97
591	592	658	100
591	616	534	87
592	567	677	97
592	591	548	89
592	593	683	92
592	617	753	95
593	568	371	85
593	592	736	95
593	594	626	93
593	618	705	82
594	569	424	98
594	593	433	82
594	595	501	80
594	619	604	88
595	570	361	89
595	594	470	97
595	596	654	93
595	620	673	86
596	571	653	82
596	595	611	84
596	597	414	87
596	621	538	82
597	572	427	98
597	596	460	99
597	598	418	83
597	622	370	87
598	573	724	83
598	597	616	91
598	599	504	97
598	623	713	83
599	574	720	96
599	598	529	94
599	600	505	80
599	624	583	89
600	575	503	95
600	599	526	86
600	625	632	98
601	576	389	93
601	602	653	84
602	577	466	94
602	601	383	91
602	603	442	97
603	578	607	85
603	602	491	86
603	604	673	94
604	579	406	92
604	603	429	85
604	605	730	97
605	580	509	88
605	604	471	88
605	606	412	84
606	581	620	83
606	605	510	85
606	607	395	85
607	582	708	85
607	606	713	96
607	608	599	86
608	583	380	85
608	607	602	99
608	609	414	95
609	584	568	87
609	608	756	92
609	610	447	99
610	585	543	100
610	609	436	84
610	611	413	96
611	586	670	97
611	610	546	81
611	612	506	93
612	587	573	87
612	611	463	100
612	613	447	85
613	588	439	86
613	612	638	80
613	614	568	83
614	589	594	100
614	613	456	82
614	615	689	91
615	590	371	83
615	614	453	92
615	616	376	84
616	591	600	84
616	615	515	98
616	617	727	97
617	592	411	100
617	616	723	94
617	618	454	99
618	593	451	89
618	617	625	84
618	619	510	96
619	594	541	100
619	618	535	98
619	620	565	100
620	595	439	89
620	619	490	86
620	621	603	92
621	596	391	88
621	620	394	96
621	622	593	99
622	597	613	91
622	621	600	86
622	623	673	99
623	598	732	92
623	622	495	96
623	624	471	87
624	599	386	100
624	623	384	85
624	625	493	97
625	600	730	98
625	624	595	95
