1	2	763	91
1	26	910	97
2	1	729	95
2	3	765	82
2	27	777	92
3	2	979	85
3	4	1042	95
3	28	916	97
4	3	802	93
4	5	769	83
4	29	819	85
5	4	768	99
5	6	737	87
5	30	754	80
6	5	1109	85
6	7	938	98
6	31	881	88
7	6	1069	93
7	8	1051	84
7	32	850	85
8	7	976	81
8	9	784	96
8	33	910	96
9	8	908	88
9	10	821	87
9	34	1012	98
10	9	836	84
10	11	1045	97
10	35	895	100
11	10	909	83
11	12	843	99
11	36	1040	94
12	11	779	88
12	13	1024	86
12	37	930	96
13	12	927	83
13	14	1003	98
13	38	1077	85
14	13	859	93
14	15	894	86
14	39	927	93
15	14	1008	94
15	16	891	82
15	40	1009	96
16	15	1065	91
16	17	777	88
16	41	1004	92
17	16	946	98
17	18	876	83
17	42	959	82
18	17	1099	88
18	19	883	94
18	43	809	96
19	18	821	94
19	20	908	80
19	44	908	94
20	19	854	86
20	21	1116	100
20	45	918	100
21	20	923	94
21	22	769	82
21	46	1078	89
22	21	1023	98
22	23	796	88
22	47	1032	100
23	22	871	89
23	24	1011	81
23	48	723	92
24	23	897	98
24	25	954	92
24	49	811	92
25	24	758	92
25	50	1001	96
26	1	830	94
26	27	1001	99
26	51	1096	97
27	2	905	97
27	26	1030	92
27	28	1088	89
27	52	836	95
28	3	998	82
28	27	816	84
28	29	889	89
28	53	820	99
29	4	772	96
29	28	1039	81
29	30	906	94
29	54	1089	94
30	5	882	95
30	29	1032	80
30	31	1017	81
30	55	929	95
31	6	997	94
31	30	1001	95
31	32	998	81
31	56	865	88
32	7	863	81
32	31	764	94
32	33	981	80
32	57	965	98
33	8	993	94
33	32	1110	80
33	34	964	86
33	58	821	95
34	9	776	82
34	33	1042	98
34	35	1093	85
34	59	767	81
35	10	848	95
35	34	759	86
35	36	1010	91
35	60	891	93
36	11	1109	87
36	35	846	96
36	37	800	99
36	61	1019	99
37	12	819	89
37	36	729	98
37	38	1038	93
37	62	1008	87
38	13	977	91
38	37	864	83
38	39	847	85
38	63	945	96
39	14	988	97
39	38	919	96
39	40	1087	82
39	64	975	82
40	15	1053	84
40	39	803	94
40	41	787	86
40	65	757	100
41	16	1062	93
41	40	830	93
41	42	1118	96
41	66	1083	87
42	17	1041	94
42	41	1042	87
42	43	1048	83
42	67	845	83
43	18	725	96
43	42	796	96
43	44	955	89
43	68	1085	83
44	19	905	91
44	43	1041	92
44	45	748	92
44	69	925	85
45	20	938	94
45	44	771	94
45	46	775	95
45	70	1110	84
46	21	1043	83
46	45	903	84
46	47	857	94
46	71	738	89
47	22	994	85
47	46	1056	92
47	48	945	85
47	72	942	98
48	23	1016	92
48	47	876	99
48	49	1113	97
48	73	1087	89
49	24	914	84
49	48	986	80
49	50	813	80
49	74	833	97
50	25	821	98
50	49	814	86
50	75	1085	94
51	26	841	85
51	52	805	91
51	76	762	84
52	27	848	88
52	51	1076	84
52	53	724	81
52	77	784	82
53	28	984	83
53	52	1073	86
53	54	758	91
53	78	832	100
54	29	923	83
54	53	726	95
54	55	828	85
54	79	826	80
55	30	1035	91
55	54	762	84
55	56	899	86
55	80	826	94
56	31	763	85
56	55	1070	85
56	57	807	82
56	81	1056	84
57	32	983	97
57	56	833	94
57	58	793	95
57	82	840	81
58	33	926	85
58	57	1045	85
58	59	980	100
58	83	929	91
59	34	960	82
59	58	955	80
59	60	993	85
59	84	1063	96
60	35	748	83
60	59	1013	84
60	61	736	88
60	85	842	88
61	36	901	91
61	60	1084	94
61	62	743	86
61	86	966	92
62	37	829	92
62	61	876	93
62	63	1111	83
62	87	898	99
63	38	906	86
63	62	962	84
63	64	1030	88
63	88	832	86
64	39	871	88
64	63	949	85
64	65	1118	94
64	89	806	98
65	40	954	88
65	64	760	94
65	66	984	81
65	90	839	93
66	41	871	98
66	65	783	100
66	67	1019	93
66	91	946	87
67	42	768	91
67	66	872	95
67	68	832	100
67	92	894	91
68	43	856	84
68	67	730	97
68	69	952	85
68	93	972	89
69	44	1027	93
69	68	864	95
69	70	996	84
69	94	815	82
70	45	775	97
70	69	1065	89
70	71	914	88
70	95	772	91
71	46	733	100
71	70	766	86
71	72	947	98
71	96	861	96
72	47	937	88
72	71	1059	92
72	73	878	98
72	97	976	94
73	48	725	89
73	72	1118	93
73	74	1008	82
73	98	1020	85
74	49	999	82
74	73	798	98
74	75	1075	85
74	99	1012	97
75	50	939	96
75	74	968	85
75	100	1102	84
76	51	1039	85
76	77	1106	84
76	101	949	87
77	52	821	81
77	76	1116	99
77	78	1026	93
77	102	1011	86
78	53	856	94
78	77	808	82
78	79	782	85
78	103	889	88
79	54	1093	81
79	78	1089	81
79	80	1116	82
79	104	1093	96
80	55	1050	98
80	79	1089	82
80	81	765	91
80	105	766	92
81	56	852	96
81	80	1003	94
81	82	729	86
81	106	849	93
82	57	824	85
82	81	1005	88
82	83	999	88
82	107	726	88
83	58	725	88
83	82	1061	94
83	84	1043	98
83	108	1102	87
84	59	1022	91
84	83	1068	84
84	85	773	81
84	109	881	94
85	60	828	94
85	84	1006	97
85	86	903	88
85	110	807	81
86	61	901	100
86	85	963	93
86	87	1007	83
86	111	829	83
87	62	743	93
87	86	1076	96
87	88	992	97
87	112	748	87
88	63	976	99
88	87	882	82
88	89	1098	81
88	113	723	84
89	64	846	94
89	88	911	80
89	90	939	87
89	114	779	82
90	65	827	81
90	89	805	88
90	91	1099	93
90	115	1095	98
91	66	982	91
91	90	815	97
91	92	985	89
91	116	1025	92
92	67	1048	93
92	91	937	95
92	93	867	88
92	117	1023	93
93	68	894	89
93	92	961	86
93	94	998	91
93	118	1024	96
94	69	946	96
94	93	883	80
94	95	947	81
94	119	1054	98
95	70	795	100
95	94	949	100
95	96	837	97
95	120	823	80
96	71	799	88
96	95	789	82
96	97	815	80
96	121	871	89
97	72	900	93
97	96	913	85
97	98	864	81
97	122	822	99
98	73	1053	100
98	97	819	96
98	99	862	80
98	123	916	97
99	74	1097	96
99	98	983	91
99	100	1010	91
99	124	772	83
100	75	871	96
100	99	992	94
100	125	936	81
101	76	759	98
101	102	781	96
101	126	1086	94
102	77	789	88
102	101	1119	87
102	103	844	88
102	127	961	87
103	78	1034	92
103	102	1021	95
103	104	820	93
103	128	1110	97
104	79	1062	89
104	103	1098	89
104	105	1031	87
104	129	950	88
105	80	934	82
105	104	839	97
105	106	893	97
105	130	1009	82
106	81	750	96
106	105	781	98
106	107	770	88
106	131	1031	84
107	82	790	97
107	106	890	94
107	108	959	81
107	132	860	89
108	83	899	84
108	107	1068	91
108	109	1024	96
108	133	765	82
109	84	1068	89
109	108	763	87
109	110	885	96
109	134	874	89
110	85	893	81
110	109	839	97
110	111	884	98
110	135	776	93
111	86	1038	87
111	110	1074	100
111	112	1025	93
111	136	950	80
112	87	819	89
112	111	842	97
112	113	1022	80
112	137	1090	86
113	88	1009	81
113	112	742	80
113	114	943	84
113	138	985	84
114	89	783	96
114	113	744	96
114	115	890	86
114	139	1016	97
115	90	722	95
115	114	1006	100
115	116	1093	88
115	140	732	99
116	91	771	87
116	115	924	94
116	117	874	94
116	141	977	93
117	92	1085	88
117	116	993	96
117	118	1044	95
117	142	807	94
118	93	1061	97
118	117	1016	92
118	119	994	82
118	143	1095	80
119	94	867	83
119	118	846	80
119	120	1054	88
119	144	847	80
120	95	795	81
120	119	810	91
120	121	957	86
120	145	925	93
121	96	733	81
121	120	786	91
121	122	1003	83
121	146	817	91
122	97	1085	84
122	121	1090	95
122	123	756	83
122	147	733	97
123	98	1035	89
123	122	938	80
123	124	1063	94
123	148	1070	85
124	99	1081	88
124	123	839	89
124	125	1026	88
124	149	734	98
125	100	949	96
125	124	1098	80
125	150	928	95
126	101	754	80
126	127	986	80
126	151	772	83
127	102	739	89
127	126	1072	97
127	128	967	92
127	152	854	80
128	103	790	98
128	127	966	85
128	129	815	89
128	153	843	95
129	104	1061	81
129	128	954	99
129	130	736	85
129	154	860	93
130	105	865	98
130	129	1067	94
130	131	914	91
130	155	883	96
131	106	954	86
131	130	931	95
131	132	1043	96
131	156	850	95
132	107	1070	88
132	131	933	86
132	133	1025	89
132	157	798	93
133	108	923	97
133	132	732	95
133	134	757	81
133	158	811	89
134	109	849	98
134	133	769	86
134	135	1094	85
134	159	1115	95
135	110	920	83
135	134	1050	80
135	136	721	94
135	160	907	85
136	111	752	82
136	135	860	82
136	137	1041	88
136	161	1073	91
137	112	797	96
137	136	867	94
137	138	985	85
137	162	944	83
138	113	957	95
138	137	884	87
138	139	1069	83
138	163	1075	82
139	114	905	95
139	138	745	91
139	140	997	80
139	164	992	82
140	115	751	87
140	139	768	99
140	141	933	89
140	165	1077	91
141	116	847	81
141	140	854	96
141	142	747	84
141	166	756	91
142	117	954	87
142	141	1097	97
142	143	953	99
142	167	940	87
143	118	779	92
143	142	957	96
143	144	849	95
143	168	898	82
144	119	897	84
144	143	1069	88
144	145	773	97
144	169	1117	91
145	120	863	95
145	144	740	93
145	146	784	100
145	170	1103	98
146	121	746	91
146	145	805	94
146	147	1082	87
146	171	904	92
147	122	867	89
147	146	899	89
147	148	888	84
147	172	902	81
148	123	783	87
148	147	808	88
148	149	1075	95
148	173	1037	97
149	124	1115	87
149	148	969	98
149	150	892	95
149	174	843	82
150	125	828	99
150	149	968	83
150	175	865	100
151	126	1031	85
151	152	793	94
151	176	1110	95
152	127	1009	91
152	151	809	95
152	153	1019	99
152	177	721	97
153	128	850	86
153	152	880	96
153	154	797	92
153	178	1037	91
154	129	776	83
154	153	1091	93
154	155	736	98
154	179	756	83
155	130	827	96
155	154	1100	82
155	156	736	83
155	180	903	80
156	131	841	96
156	155	1006	88
156	157	880	87
156	181	1076	81
157	132	856	94
157	156	726	87
157	158	883	95
157	182	935	97
158	133	901	88
158	157	1068	88
158	159	1095	87
158	183	1001	91
159	134	1070	97
159	158	859	97
159	160	1076	95
159	184	1015	81
160	135	996	83
160	159	1109	83
160	161	752	83
160	185	731	98
161	136	846	89
161	160	954	97
161	162	972	95
161	186	1008	98
162	137	941	81
162	161	749	97
162	163	869	98
162	187	848	87
163	138	913	83
163	162	1075	84
163	164	846	100
163	188	1056	85
164	139	1120	94
164	163	1016	95
164	165	991	96
164	189	980	96
165	140	820	92
165	164	882	98
165	166	943	85
165	190	998	86
166	141	1026	99
166	165	1117	99
166	167	1014	81
166	191	803	80
167	142	948	80
167	166	982	93
167	168	981	99
167	192	962	93
168	143	743	100
168	167	755	91
168	169	765	88
168	193	1003	98
169	144	1074	97
169	168	1021	94
169	170	1001	98
169	194	1094	85
170	145	996	83
170	169	806	83
170	171	924	80
170	195	982	98
171	146	1087	95
171	170	932	95
171	172	769	86
171	196	842	82
172	147	928	93
172	171	734	89
172	173	906	92
172	197	917	95
173	148	1049	86
173	172	927	87
173	174	927	82
173	198	988	100
174	149	850	87
174	173	761	89
174	175	883	100
174	199	965	96
175	150	1013	89
175	174	1045	84
175	200	1098	96
176	151	831	88
176	177	722	97
176	201	791	83
177	152	764	93
177	176	826	81
177	178	984	89
177	202	1047	83
178	153	932	85
178	177	920	94
178	179	795	95
178	203	878	98
179	154	917	89
179	178	844	96
179	180	1033	92
179	204	1060	87
180	155	912	87
180	179	936	80
180	181	804	88
180	205	847	81
181	156	1050	99
181	180	1070	95
181	182	762	96
181	206	973	81
182	157	903	91
182	181	727	89
182	183	898	82
182	207	1062	92
183	158	838	81
183	182	1070	95
183	184	920	100
183	208	983	91
184	159	854	96
184	183	889	85
184	185	738	82
184	209	750	81
185	160	1094	97
185	184	878	81
185	186	763	85
185	210	889	83
186	161	853	85
186	185	899	92
186	187	732	85
186	211	1069	83
187	162	1101	97
187	186	1109	97
187	188	772	91
187	212	937	81
188	163	922	84
188	187	797	84
188	189	1023	86
188	213	930	91
189	164	887	95
189	188	1013	92
189	190	1115	88
189	214	1020	85
190	165	975	95
190	189	822	92
190	191	1031	91
190	215	765	87
191	166	851	84
191	190	886	88
191	192	1058	91
191	216	1016	80
192	167	915	97
192	191	991	87
192	193	739	100
192	217	1049	80
193	168	738	92
193	192	825	92
193	194	938	80
193	218	1087	87
194	169	888	87
194	193	1034	95
194	195	936	87
194	219	769	96
195	170	770	94
195	194	1039	80
195	196	1066	95
195	220	728	92
196	171	884	85
196	195	1075	87
196	197	801	99
196	221	1047	95
197	172	918	86
197	196	903	91
197	198	801	91
197	222	954	80
198	173	888	87
198	197	1068	92
198	199	847	80
198	223	1107	99
199	174	732	81
199	198	768	80
199	200	956	83
199	224	852	82
200	175	782	95
200	199	978	98
200	225	807	84
201	176	996	92
201	202	915	89
201	226	920	91
202	177	769	81
202	201	874	94
202	203	799	88
202	227	912	94
203	178	873	86
203	202	1058	92
203	204	1051	93
203	228	884	100
204	179	1010	97
204	203	883	80
204	205	917	84
204	229	804	100
205	180	1088	93
205	204	948	92
205	206	1081	91
205	230	1087	89
206	181	852	80
206	205	948	85
206	207	821	85
206	231	848	91
207	182	882	94
207	206	1009	82
207	208	930	97
207	232	860	95
208	183	880	94
208	207	886	83
208	209	796	95
208	233	1080	83
209	184	762	84
209	208	785	85
209	210	1082	98
209	234	802	94
210	185	1058	84
210	209	966	100
210	211	784	93
210	235	910	99
211	186	950	84
211	210	1101	83
211	212	911	83
211	236	1082	80
212	187	840	87
212	211	943	80
212	213	781	98
212	237	1008	82
213	188	975	82
213	212	871	100
213	214	751	83
213	238	900	92
214	189	1038	100
214	213	1064	84
214	215	993	80
214	239	731	93
215	190	1011	88
215	214	1081	95
215	216	928	93
215	240	1094	96
216	191	1033	96
216	215	1004	80
216	217	935	91
216	241	1114	95
217	192	962	93
217	216	1099	94
217	218	934	87
217	242	1100	100
218	193	942	95
218	217	768	99
218	219	1081	82
218	243	993	96
219	194	908	94
219	218	951	82
219	220	754	94
219	244	1056	81
220	195	726	80
220	219	735	100
220	221	1072	93
220	245	1097	89
221	196	888	92
221	220	742	99
221	222	743	94
221	246	1062	97
222	197	1064	99
222	221	851	86
222	223	859	86
222	247	876	86
223	198	843	95
223	222	821	99
223	224	852	94
223	248	787	86
224	199	756	91
224	223	974	98
224	225	812	87
224	249	883	87
225	200	1103	82
225	224	1105	83
225	250	804	98
226	201	1029	89
226	227	1095	89
226	251	774	80
227	202	765	94
227	226	1110	91
227	228	1026	81
227	252	751	95
228	203	822	95
228	227	820	93
228	229	779	94
228	253	774	83
229	204	824	97
229	228	870	86
229	230	990	98
229	254	973	84
230	205	907	80
230	229	884	89
230	231	974	99
230	255	945	97
231	206	1113	94
231	230	1026	99
231	232	927	87
231	256	1013	87
232	207	1059	80
232	231	1046	91
232	233	926	85
232	257	856	94
233	208	881	86
233	232	981	92
233	234	1017	81
233	258	861	98
234	209	859	80
234	233	792	82
234	235	932	93
234	259	963	91
235	210	947	91
235	234	802	89
235	236	923	82
235	260	729	95
236	211	794	94
236	235	972	98
236	237	1046	87
236	261	1060	83
237	212	1107	100
237	236	912	95
237	238	784	84
237	262	865	88
238	213	931	86
238	237	1061	91
238	239	749	87
238	263	1071	91
239	214	885	92
239	238	915	81
239	240	751	91
239	264	930	84
240	215	949	87
240	239	764	94
240	241	760	98
240	265	995	81
241	216	831	81
241	240	785	84
241	242	1076	83
241	266	912	86
242	217	1109	84
242	241	780	80
242	243	1001	85
242	267	803	82
243	218	775	89
243	242	794	81
243	244	754	86
243	268	800	82
244	219	986	82
244	243	1101	95
244	245	1111	95
244	269	1085	97
245	220	1031	87
245	244	996	87
245	246	1109	91
245	270	1007	89
246	221	742	91
246	245	877	96
246	247	1109	91
246	271	839	96
247	222	943	87
247	246	1063	96
247	248	736	81
247	272	732	100
248	223	956	87
248	247	1022	83
248	249	1011	83
248	273	824	95
249	224	790	83
249	248	864	88
249	250	986	88
249	274	1088	98
250	225	997	92
250	249	769	93
250	275	991	82
251	226	850	89
251	252	1038	91
251	276	1000	85
252	227	809	95
252	251	969	100
252	253	752	100
252	277	980	91
253	228	895	92
253	252	1024	93
253	254	941	85
253	278	883	92
254	229	941	84
254	253	872	94
254	255	903	85
254	279	1005	82
255	230	1110	100
255	254	949	98
255	256	892	85
255	280	777	87
256	231	1044	86
256	255	1065	93
256	257	954	83
256	281	1088	86
257	232	769	95
257	256	865	88
257	258	923	93
257	282	972	84
258	233	993	82
258	257	909	81
258	259	1005	80
258	283	725	83
259	234	926	100
259	258	745	84
259	260	960	92
259	284	921	97
260	235	1120	83
260	259	927	81
260	261	883	91
260	285	972	88
261	236	1059	87
261	260	943	91
261	262	822	93
261	286	722	94
262	237	995	83
262	261	826	83
262	263	1014	100
262	287	1103	80
263	238	945	93
263	262	787	86
263	264	776	100
263	288	952	97
264	239	774	100
264	263	1066	97
264	265	1052	89
264	289	819	88
265	240	1063	88
265	264	725	91
265	266	1032	92
265	290	850	100
266	241	1081	85
266	265	782	97
266	267	1054	94
266	291	802	85
267	242	769	88
267	266	820	80
267	268	1001	97
267	292	846	81
268	243	1053	100
268	267	851	92
268	269	809	86
268	293	827	89
269	244	1000	89
269	268	794	96
269	270	1095	92
269	294	1047	82
270	245	922	82
270	269	917	98
270	271	914	83
270	295	1019	81
271	246	746	85
271	270	828	91
271	272	1075	93
271	296	871	84
272	247	761	93
272	271	756	80
272	273	798	100
272	297	1057	81
273	248	859	80
273	272	1101	93
273	274	957	86
273	298	1028	83
274	249	970	81
274	273	801	89
274	275	900	86
274	299	939	91
275	250	820	86
275	274	891	82
275	300	862	88
276	251	1051	87
276	277	913	80
276	301	1009	84
277	252	997	95
277	276	882	98
277	278	851	97
277	302	816	94
278	253	1017	97
278	277	782	80
278	279	911	82
278	303	884	91
279	254	1079	96
279	278	785	80
279	280	981	86
279	304	1031	84
280	255	1107	93
280	279	1004	100
280	281	780	100
280	305	1045	88
281	256	777	98
281	280	835	82
281	282	1059	87
281	306	976	98
282	257	976	88
282	281	823	80
282	283	917	93
282	307	748	91
283	258	937	82
283	282	865	91
283	284	917	81
283	308	1064	81
284	259	1080	99
284	283	1000	100
284	285	743	89
284	309	954	83
285	260	949	86
285	284	861	91
285	286	1085	96
285	310	736	81
286	261	1086	81
286	285	838	93
286	287	890	92
286	311	953	83
287	262	1023	86
287	286	1024	98
287	288	858	98
287	312	847	93
288	263	1028	89
288	287	1008	92
288	289	740	91
288	313	931	80
289	264	1013	85
289	288	969	100
289	290	905	87
289	314	820	94
290	265	1004	87
290	289	739	98
290	291	917	85
290	315	892	94
291	266	999	94
291	290	894	85
291	292	835	80
291	316	932	97
292	267	1028	100
292	291	945	87
292	293	721	100
292	317	727	87
293	268	809	94
293	292	1077	93
293	294	912	92
293	318	968	83
294	269	1036	91
294	293	912	80
294	295	921	87
294	319	1036	83
295	270	895	99
295	294	944	91
295	296	1120	94
295	320	812	100
296	271	1031	94
296	295	928	96
296	297	1092	89
296	321	1098	96
297	272	966	88
297	296	867	88
297	298	774	98
297	322	991	93
298	273	992	97
298	297	868	98
298	299	1105	100
298	323	789	91
299	274	755	98
299	298	729	87
299	300	1086	100
299	324	775	82
300	275	919	86
300	299	724	98
300	325	767	92
301	276	856	84
301	302	954	88
301	326	830	96
302	277	1078	80
302	301	1016	100
302	303	1036	80
302	327	1091	86
303	278	808	84
303	302	734	91
303	304	1085	96
303	328	742	84
304	279	848	88
304	303	950	91
304	305	947	80
304	329	797	89
305	280	820	94
305	304	1119	94
305	306	732	98
305	330	921	80
306	281	983	89
306	305	937	88
306	307	932	82
306	331	889	94
307	282	950	96
307	306	885	97
307	308	911	95
307	332	1062	99
308	283	921	85
308	307	760	97
308	309	1001	80
308	333	963	86
309	284	934	83
309	308	758	96
309	310	801	81
309	334	807	99
310	285	1068	83
310	309	1068	94
310	311	897	84
310	335	1047	95
311	286	888	94
311	310	935	89
311	312	1019	98
311	336	803	81
312	287	1062	87
312	311	771	92
312	313	1043	88
312	337	1035	85
313	288	1049	97
313	312	1053	85
313	314	1048	98
313	338	913	84
314	289	984	80
314	313	789	89
314	315	850	92
314	339	870	83
315	290	860	89
315	314	910	93
315	316	813	84
315	340	769	97
316	291	726	89
316	315	943	100
316	317	762	87
316	341	1076	100
317	292	1014	92
317	316	737	85
317	318	804	84
317	342	1081	98
318	293	1103	100
318	317	801	88
318	319	863	87
318	343	841	91
319	294	839	82
319	318	1015	84
319	320	759	84
319	344	898	80
320	295	1116	97
320	319	876	97
320	321	825	95
320	345	849	99
321	296	1039	84
321	320	1048	95
321	322	887	99
321	346	812	100
322	297	969	94
322	321	969	82
322	323	811	91
322	347	865	86
323	298	981	97
323	322	1085	87
323	324	842	86
323	348	916	83
324	299	829	94
324	323	866	100
324	325	926	100
324	349	865	80
325	300	938	98
325	324	783	80
325	350	855	93
326	301	1117	84
326	327	944	82
326	351	980	96
327	302	820	99
327	326	921	95
327	328	875	92
327	352	836	84
328	303	1007	92
328	327	986	83
328	329	1106	97
328	353	950	91
329	304	1037	99
329	328	1034	98
329	330	988	81
329	354	940	93
330	305	1058	94
330	329	772	81
330	331	1065	80
330	355	986	100
331	306	918	97
331	330	915	92
331	332	795	100
331	356	915	98
332	307	818	82
332	331	756	84
332	333	1090	92
332	357	760	93
333	308	1055	93
333	332	918	82
333	334	773	94
333	358	975	87
334	309	1083	82
334	333	963	92
334	335	1087	81
334	359	1057	89
335	310	1088	93
335	334	924	100
335	336	948	84
335	360	748	80
336	311	1101	85
336	335	813	82
336	337	1063	97
336	361	968	98
337	312	858	84
337	336	774	84
337	338	834	86
337	362	1049	93
338	313	1009	95
338	337	737	95
338	339	938	99
338	363	1034	97
339	314	911	99
339	338	1050	88
339	340	723	96
339	364	795	89
340	315	799	95
340	339	929	81
340	341	909	94
340	365	742	92
341	316	748	84
341	340	1011	91
341	342	723	95
341	366	1079	92
342	317	1053	82
342	341	856	96
342	343	767	95
342	367	772	81
343	318	825	99
343	342	871	87
343	344	746	97
343	368	791	100
344	319	1017	91
344	343	1114	86
344	345	956	80
344	369	790	91
345	320	1107	87
345	344	837	93
345	346	1049	92
345	370	986	85
346	321	825	94
346	345	840	91
346	347	992	80
346	371	797	96
347	322	967	83
347	346	888	83
347	348	923	86
347	372	806	93
348	323	1078	93
348	347	1064	96
348	349	826	81
348	373	817	91
349	324	842	96
349	348	909	98
349	350	731	81
349	374	949	83
350	325	972	97
350	349	822	80
350	375	755	95
351	326	951	92
351	352	828	96
351	376	775	92
352	327	896	99
352	351	1089	91
352	353	969	84
352	377	810	97
353	328	1090	91
353	352	967	84
353	354	1039	99
353	378	782	97
354	329	1045	91
354	353	849	92
354	355	830	82
354	379	997	86
355	330	767	96
355	354	1046	87
355	356	901	86
355	380	831	99
356	331	890	81
356	355	1119	85
356	357	989	96
356	381	974	97
357	332	914	97
357	356	878	87
357	358	1011	95
357	382	762	100
358	333	876	93
358	357	926	96
358	359	878	82
358	383	1072	98
359	334	961	91
359	358	1109	92
359	360	731	86
359	384	1032	83
360	335	963	100
360	359	1055	94
360	361	1006	85
360	385	1011	93
361	336	910	97
361	360	733	86
361	362	748	83
361	386	953	88
362	337	769	95
362	361	822	87
362	363	784	96
362	387	915	80
363	338	942	81
363	362	839	96
363	364	966	100
363	388	873	97
364	339	1057	93
364	363	789	98
364	365	901	82
364	389	1064	98
365	340	786	89
365	364	1106	92
365	366	967	82
365	390	1109	89
366	341	976	81
366	365	1038	83
366	367	1053	86
366	391	806	82
367	342	833	82
367	366	1049	88
367	368	1005	97
367	392	828	92
368	343	1048	86
368	367	991	84
368	369	1018	99
368	393	1012	96
369	344	997	94
369	368	814	98
369	370	763	93
369	394	883	92
370	345	1109	94
370	369	778	92
370	371	1083	86
370	395	887	88
371	346	931	92
371	370	722	89
371	372	1051	85
371	396	993	81
372	347	795	95
372	371	961	87
372	373	1020	100
372	397	723	92
373	348	793	87
373	372	767	80
373	374	859	92
373	398	877	96
374	349	986	85
374	373	1002	99
374	375	812	86
374	399	1011	96
375	350	954	99
375	374	859	89
375	400	959	93
376	351	937	91
376	377	991	87
376	401	883	96
377	352	731	91
377	376	1099	100
377	378	1070	100
377	402	1020	92
378	353	854	98
378	377	892	87
378	379	1087	85
378	403	1076	95
379	354	764	95
379	378	994	81
379	380	889	100
379	404	729	95
380	355	1085	88
380	379	757	84
380	381	811	84
380	405	867	100
381	356	991	87
381	380	729	80
381	382	821	95
381	406	1018	99
382	357	875	89
382	381	979	93
382	383	998	85
382	407	1021	81
383	358	908	83
383	382	863	96
383	384	1047	97
383	408	917	88
384	359	738	86
384	383	920	91
384	385	767	92
384	409	807	89
385	360	907	99
385	384	941	87
385	386	785	94
385	410	1050	83
386	361	826	95
386	385	887	84
386	387	1065	97
386	411	964	96
387	362	1100	94
387	386	1106	81
387	388	907	82
387	412	779	87
388	363	1031	92
388	387	920	91
388	389	751	82
388	413	1026	81
389	364	1098	85
389	388	848	82
389	390	1097	93
389	414	900	93
390	365	838	97
390	389	1117	88
390	391	841	83
390	415	987	94
391	366	735	100
391	390	923	98
391	392	770	91
391	416	1088	84
392	367	927	86
392	391	724	89
392	393	891	86
392	417	927	80
393	368	948	91
393	392	800	100
393	394	936	96
393	418	892	84
394	369	921	89
394	393	764	100
394	395	741	100
394	419	977	88
395	370	800	100
395	394	877	95
395	396	1011	93
395	420	1083	92
396	371	892	93
396	395	1023	80
396	397	798	85
396	421	844	80
397	372	1058	86
397	396	1033	92
397	398	982	91
397	422	944	92
398	373	1010	91
398	397	979	84
398	399	884	98
398	423	878	87
399	374	1120	98
399	398	741	100
399	400	922	95
399	424	723	93
400	375	946	80
400	399	1085	86
400	425	816	98
401	376	1092	83
401	402	892	86
401	426	721	95
402	377	1055	97
402	401	818	80
402	403	1020	85
402	427	806	81
403	378	751	97
403	402	937	86
403	404	812	87
403	428	951	99
404	379	768	91
404	403	934	84
404	405	1109	88
404	429	997	80
405	380	872	82
405	404	1016	88
405	406	830	86
405	430	1023	86
406	381	976	96
406	405	768	82
406	407	891	87
406	431	1041	99
407	382	830	100
407	406	759	80
407	408	731	96
407	432	854	82
408	383	1036	98
408	407	1061	88
408	409	1054	96
408	433	726	87
409	384	929	83
409	408	841	91
409	410	1015	93
409	434	938	100
410	385	1010	97
410	409	991	100
410	411	1042	89
410	435	881	82
411	386	1068	83
411	410	754	80
411	412	722	87
411	436	959	100
412	387	882	80
412	411	1117	91
412	413	958	97
412	437	758	91
413	388	1031	96
413	412	724	94
413	414	1008	91
413	438	747	88
414	389	1119	85
414	413	1077	92
414	415	818	80
414	439	968	97
415	390	922	80
415	414	786	95
415	416	871	84
415	440	787	93
416	391	985	82
416	415	831	95
416	417	748	95
416	441	758	87
417	392	958	93
417	416	1000	97
417	418	1031	100
417	442	1073	100
418	393	1008	80
418	417	1059	82
418	419	942	83
418	443	847	84
419	394	1005	83
419	418	825	89
419	420	752	95
419	444	1120	93
420	395	793	100
420	419	1102	100
420	421	955	80
420	445	1011	94
421	396	1071	100
421	420	836	84
421	422	823	96
421	446	1120	87
422	397	983	95
422	421	863	96
422	423	764	100
422	447	811	81
423	398	740	91
423	422	798	80
423	424	1081	98
423	448	1052	94
424	399	977	95
424	423	1046	80
424	425	762	84
424	449	1079	94
425	400	766	89
425	424	881	93
425	450	889	98
426	401	934	88
426	427	793	80
426	451	958	86
427	402	1112	87
427	426	951	92
427	428	809	84
427	452	835	88
428	403	963	86
428	427	1039	91
428	429	1079	80
428	453	1048	100
429	404	852	94
429	428	847	85
429	430	924	91
429	454	1111	94
430	405	947	80
430	429	845	89
430	431	883	96
430	455	1006	81
431	406	742	94
431	430	1008	84
431	432	801	88
431	456	724	95
432	407	742	92
432	431	749	81
432	433	761	98
432	457	1009	83
433	408	1065	91
433	432	775	94
433	434	756	93
433	458	1084	92
434	409	780	95
434	433	920	82
434	435	845	99
434	459	913	99
435	410	784	93
435	434	1023	98
435	436	866	87
435	460	957	95
436	411	852	94
436	435	910	85
436	437	1056	93
436	461	1000	93
437	412	840	100
437	436	946	100
437	438	1061	86
437	462	991	82
438	413	1085	93
438	437	812	84
438	439	1067	98
438	463	1075	92
439	414	800	100
439	438	786	91
439	440	960	80
439	464	982	92
440	415	1068	95
440	439	765	100
440	441	819	89
440	465	1109	94
441	416	868	85
441	440	918	84
441	442	1067	82
441	466	1099	93
442	417	727	92
442	441	813	84
442	443	784	95
442	467	1035	87
443	418	826	86
443	442	884	98
443	444	900	92
443	468	1051	95
444	419	955	96
444	443	1115	88
444	445	777	82
444	469	892	94
445	420	744	81
445	444	774	96
445	446	889	98
445	470	808	95
446	421	783	88
446	445	899	84
446	447	924	91
446	471	925	96
447	422	1027	96
447	446	958	81
447	448	810	96
447	472	873	81
448	423	1115	86
448	447	974	100
448	449	775	94
448	473	823	89
449	424	1016	83
449	448	970	84
449	450	775	99
449	474	899	83
450	425	996	85
450	449	985	87
450	475	966	93
451	426	922	95
451	452	943	97
451	476	743	99
452	427	772	80
452	451	1063	88
452	453	843	88
452	477	1020	85
453	428	1033	100
453	452	945	96
453	454	831	84
453	478	987	85
454	429	755	87
454	453	982	86
454	455	1023	94
454	479	771	96
455	430	980	82
455	454	1097	99
455	456	745	85
455	480	726	99
456	431	879	85
456	455	990	98
456	457	974	93
456	481	1040	85
457	432	988	92
457	456	1116	84
457	458	793	99
457	482	779	99
458	433	1094	96
458	457	949	87
458	459	886	98
458	483	796	93
459	434	885	91
459	458	863	96
459	460	878	83
459	484	792	99
460	435	880	94
460	459	1029	100
460	461	729	99
460	485	983	82
461	436	952	91
461	460	866	92
461	462	1003	89
461	486	1025	100
462	437	740	99
462	461	820	99
462	463	1023	87
462	487	1082	98
463	438	895	100
463	462	823	89
463	464	917	88
463	488	878	100
464	439	1035	93
464	463	810	83
464	465	973	86
464	489	811	91
465	440	955	82
465	464	840	96
465	466	1119	84
465	490	979	84
466	441	976	96
466	465	998	88
466	467	737	97
466	491	991	97
467	442	772	96
467	466	1029	86
467	468	812	80
467	492	817	80
468	443	961	95
468	467	1070	81
468	469	1059	95
468	493	747	82
469	444	800	83
469	468	1052	95
469	470	800	95
469	494	1119	85
470	445	1067	83
470	469	916	100
470	471	1043	91
470	495	1071	88
471	446	1071	92
471	470	820	89
471	472	942	97
471	496	991	93
472	447	884	98
472	471	1101	97
472	473	879	89
472	497	725	91
473	448	910	83
473	472	734	80
473	474	955	82
473	498	996	96
474	449	1111	80
474	473	886	92
474	475	723	87
474	499	905	93
475	450	796	98
475	474	1083	98
475	500	963	99
476	451	985	87
476	477	888	81
476	501	998	86
477	452	918	84
477	476	1043	88
477	478	780	87
477	502	986	82
478	453	999	85
478	477	1085	98
478	479	891	89
478	503	751	88
479	454	775	88
479	478	966	94
479	480	1045	98
479	504	893	98
480	455	1058	88
480	479	1029	88
480	481	967	94
480	505	1115	85
481	456	1097	89
481	480	1007	95
481	482	1025	96
481	506	1026	86
482	457	896	98
482	481	1038	86
482	483	724	95
482	507	936	88
483	458	859	98
483	482	860	95
483	484	1064	83
483	508	973	96
484	459	786	82
484	483	1055	85
484	485	1072	81
484	509	1109	93
485	460	830	95
485	484	788	93
485	486	1032	96
485	510	839	92
486	461	815	80
486	485	728	99
486	487	1109	91
486	511	1095	92
487	462	952	86
487	486	783	99
487	488	1092	95
487	512	735	100
488	463	737	85
488	487	942	95
488	489	764	87
488	513	993	92
489	464	1068	86
489	488	868	98
489	490	1010	92
489	514	1029	84
490	465	776	80
490	489	904	95
490	491	780	97
490	515	762	100
491	466	995	81
491	490	965	96
491	492	819	87
491	516	937	98
492	467	975	86
492	491	771	92
492	493	861	96
492	517	988	99
493	468	754	95
493	492	1090	92
493	494	836	87
493	518	1069	89
494	469	1101	91
494	493	1039	98
494	495	754	85
494	519	804	85
495	470	944	96
495	494	724	83
495	496	1025	97
495	520	727	85
496	471	1093	85
496	495	1070	99
496	497	1092	88
496	521	966	86
497	472	870	97
497	496	909	84
497	498	911	92
497	522	747	92
498	473	865	86
498	497	780	96
498	499	782	87
498	523	866	97
499	474	820	95
499	498	1115	83
499	500	842	100
499	524	1097	80
500	475	1060	100
500	499	1067	95
500	525	942	88
501	476	1107	91
501	502	888	82
501	526	842	84
502	477	1006	93
502	501	821	94
502	503	746	96
502	527	998	91
503	478	996	86
503	502	823	82
503	504	758	85
503	528	780	96
504	479	994	87
504	503	734	89
504	505	874	85
504	529	939	85
505	480	907	87
505	504	947	92
505	506	821	87
505	530	1117	81
506	481	1114	96
506	505	868	100
506	507	1073	87
506	531	839	98
507	482	767	80
507	506	1033	97
507	508	1059	88
507	532	996	87
508	483	1053	81
508	507	1066	91
508	509	1009	99
508	533	863	95
509	484	939	80
509	508	827	92
509	510	869	88
509	534	724	80
510	485	1097	85
510	509	730	94
510	511	1079	87
510	535	772	93
511	486	744	99
511	510	984	85
511	512	1038	96
511	536	729	89
512	487	1087	89
512	511	914	85
512	513	867	91
512	537	863	84
513	488	900	96
513	512	942	81
513	514	1074	82
513	538	866	96
514	489	739	93
514	513	769	95
514	515	946	86
514	539	842	87
515	490	912	81
515	514	741	91
515	516	1076	95
515	540	879	82
516	491	908	85
516	515	742	82
516	517	827	88
516	541	1065	95
517	492	1011	96
517	516	794	99
517	518	967	85
517	542	805	96
518	493	998	99
518	517	916	92
518	519	1063	97
518	543	916	91
519	494	1041	88
519	518	805	92
519	520	1067	88
519	544	935	84
520	495	928	100
520	519	908	85
520	521	1097	86
520	545	742	83
521	496	1101	95
521	520	1041	82
521	522	820	87
521	546	918	87
522	497	848	94
522	521	916	92
522	523	868	96
522	547	936	95
523	498	732	82
523	522	752	87
523	524	872	85
523	548	823	94
524	499	1001	92
524	523	1112	83
524	525	959	82
524	549	968	87
525	500	1058	92
525	524	944	86
525	550	894	93
526	501	942	87
526	527	937	97
526	551	987	97
527	502	902	88
527	526	770	98
527	528	1072	85
527	552	1093	88
528	503	764	84
528	527	753	80
528	529	880	80
528	553	1047	98
529	504	825	83
529	528	866	85
529	530	878	80
529	554	1022	91
530	505	1090	82
530	529	1024	91
530	531	835	100
530	555	860	82
531	506	859	88
531	530	858	89
531	532	1079	91
531	556	1117	86
532	507	1085	95
532	531	1074	100
532	533	1062	84
532	557	1049	96
533	508	1084	86
533	532	1057	95
533	534	1116	97
533	558	899	85
534	509	998	92
534	533	777	82
534	535	1082	100
534	559	839	91
535	510	835	81
535	534	865	94
535	536	956	87
535	560	744	88
536	511	1087	98
536	535	921	100
536	537	843	87
536	561	748	81
537	512	951	97
537	536	1111	99
537	538	935	81
537	562	753	81
538	513	749	93
538	537	721	88
538	539	837	95
538	563	841	83
539	514	978	98
539	538	730	81
539	540	941	95
539	564	773	98
540	515	991	94
540	539	867	81
540	541	762	87
540	565	916	80
541	516	920	98
541	540	999	93
541	542	958	97
541	566	768	87
542	517	1063	86
542	541	941	87
542	543	734	92
542	567	1055	86
543	518	739	92
543	542	917	96
543	544	953	81
543	568	737	93
544	519	830	98
544	543	769	80
544	545	1055	89
544	569	917	85
545	520	811	86
545	544	941	91
545	546	915	93
545	570	986	95
546	521	901	95
546	545	932	87
546	547	925	92
546	571	986	95
547	522	922	85
547	546	1064	100
547	548	1045	97
547	572	747	92
548	523	903	100
548	547	823	84
548	549	906	88
548	573	960	97
549	524	1023	92
549	548	854	100
549	550	895	80
549	574	750	86
550	525	1112	91
550	549	1053	91
550	575	735	97
551	526	906	95
551	552	931	84
551	576	1032	81
552	527	1056	88
552	551	944	89
552	553	1025	88
552	577	1011	89
553	528	892	83
553	552	746	87
553	554	980	87
553	578	1006	96
554	529	997	92
554	553	962	81
554	555	887	81
554	579	771	84
555	530	1109	85
555	554	908	84
555	556	824	84
555	580	757	83
556	531	1056	82
556	555	950	92
556	557	973	89
556	581	951	89
557	532	1038	100
557	556	919	89
557	558	786	91
557	582	1065	80
558	533	976	86
558	557	729	80
558	559	1006	87
558	583	919	99
559	534	1063	99
559	558	751	86
559	560	962	88
559	584	899	87
560	535	999	85
560	559	919	81
560	561	941	83
560	585	950	92
561	536	864	94
561	560	916	84
561	562	870	100
561	586	747	82
562	537	1099	81
562	561	811	92
562	563	1088	100
562	587	737	84
563	538	934	91
563	562	912	85
563	564	856	83
563	588	1094	96
564	539	774	95
564	563	984	95
564	565	788	91
564	589	1048	99
565	540	1039	97
565	564	817	98
565	566	840	85
565	590	866	80
566	541	988	88
566	565	1077	85
566	567	843	82
566	591	932	91
567	542	833	96
567	566	835	100
567	568	821	87
567	592	1000	80
568	543	1053	99
568	567	1109	80
568	569	887	97
568	593	876	99
569	544	1024	98
569	568	794	88
569	570	730	96
569	594	788	85
570	545	875	85
570	569	749	85
570	571	919	100
570	595	1118	81
571	546	1087	94
571	570	785	94
571	572	825	100
571	596	950	87
572	547	940	91
572	571	937	94
572	573	975	87
572	597	1099	96
573	548	728	87
573	572	964	93
573	574	1052	97
573	598	1076	100
574	549	852	80
574	573	1054	91
574	575	957	93
574	599	873	91
575	550	1098	92
575	574	892	91
575	600	938	83
576	551	1001	93
576	577	825	99
576	601	843	84
577	552	1006	86
577	576	868	87
577	578	957	85
577	602	835	94
578	553	846	84
578	577	944	81
578	579	918	97
578	603	1078	82
579	554	834	89
579	578	787	88
579	580	989	87
579	604	1005	98
580	555	980	83
580	579	785	99
580	581	829	85
580	605	983	97
581	556	797	80
581	580	873	93
581	582	1062	91
581	606	759	91
582	557	929	80
582	581	903	89
582	583	1031	85
582	607	808	87
583	558	721	86
583	582	1111	97
583	584	851	98
583	608	942	96
584	559	975	86
584	583	957	97
584	585	860	83
584	609	743	89
585	560	881	89
585	584	790	97
585	586	991	80
585	610	982	98
586	561	744	96
586	585	1016	88
586	587	758	96
586	611	990	80
587	562	725	92
587	586	808	82
587	588	799	96
587	612	737	91
588	563	802	96
588	587	1047	96
588	589	1057	92
588	613	987	84
589	564	955	88
589	588	731	99
589	590	935	91
589	614	1090	96
590	565	813	84
590	589	742	84
590	591	923	95
590	615	974	80
591	566	946	86
591	590	1002	97
591	592	1018	100
591	616	894	87
592	567	1037	97
592	591	908	89
592	593	1043	92
592	617	1113	95
593	568	731	85
593	592	1096	95
593	594	986	93
593	618	1065	82
594	569	784	98
594	593	793	82
594	595	861	80
594	619	964	88
595	570	721	89
595	594	830	97
595	596	1014	93
595	620	1033	86
596	571	1013	82
596	595	971	84
596	597	774	87
596	621	898	82
597	572	787	98
597	596	820	99
597	598	778	83
597	622	730	87
598	573	1084	83
598	597	976	91
598	599	864	97
598	623	1073	83
599	574	1080	96
599	598	889	94
599	600	865	80
599	624	943	89
600	575	863	95
600	599	886	86
600	625	992	98
601	576	749	93
601	602	1013	84
602	577	826	94
602	601	743	91
602	603	802	97
603	578	967	85
603	602	851	86
603	604	1033	94
604	579	766	92
604	603	789	85
604	605	1090	97
605	580	869	88
605	604	831	88
605	606	772	84
606	581	980	83
606	605	870	85
606	607	755	85
607	582	1068	85
607	606	1073	96
607	608	959	86
608	583	740	85
608	607	962	99
608	609	774	95
609	584	928	87
609	608	1116	92
609	610	807	99
610	585	903	100
610	609	796	84
610	611	773	96
611	586	1030	97
611	610	906	81
611	612	866	93
612	587	933	87
612	611	823	100
612	613	807	85
613	588	799	86
613	612	998	80
613	614	928	83
614	589	954	100
614	613	816	82
614	615	1049	91
615	590	731	83
615	614	813	92
615	616	736	84
616	591	960	84
616	615	875	98
616	617	1087	97
617	592	771	100
617	616	1083	94
617	618	814	99
618	593	811	89
618	617	985	84
618	619	870	96
619	594	901	100
619	618	895	98
619	620	925	100
620	595	799	89
620	619	850	86
620	621	963	92
621	596	751	88
621	620	754	96
621	622	953	99
622	597	973	91
622	621	960	86
622	623	1033	99
623	598	1092	92
623	622	855	96
623	624	831	87
624	599	746	100
624	623	744	85
624	625	853	97
625	600	1090	98
625	624	955	95
