1	183	51
1	193	70
1	292	66
1	329	75
1	401	13
1	460	98
1	531	28
1	612	47
2	183	62
2	339	40
2	460	82
2	501	90
2	529	40
2	540	53
3	61	91
3	64	99
3	111	40
3	428	21
3	573	38
4	154	22
4	234	83
4	492	74
4	612	78
5	453	60
5	468	80
5	470	32
5	476	43
5	491	16
5	513	18
5	557	75
6	86	16
6	104	53
6	178	64
6	230	11
6	267	68
6	290	60
6	324	47
6	493	75
6	552	91
6	594	58
6	617	31
7	59	50
7	126	58
7	135	89
7	300	79
7	310	31
7	485	85
8	22	77
8	137	70
8	157	71
8	189	57
8	252	58
8	278	68
8	410	97
8	437	43
8	482	56
9	260	100
9	391	47
9	409	54
9	466	81
9	480	70
9	517	43
9	588	99
10	40	91
10	365	37
10	402	62
10	430	97
11	89	35
11	104	23
11	115	99
11	135	28
11	178	91
11	298	57
11	573	97
12	43	77
12	293	98
12	370	21
12	388	19
12	398	32
13	237	36
13	522	89
13	551	75
13	561	94
14	12	12
14	41	78
14	84	63
14	209	12
14	367	97
14	381	86
14	451	62
14	466	28
14	533	32
15	65	17
15	134	93
15	164	59
15	204	52
15	231	43
15	258	84
15	374	90
16	52	18
16	145	11
16	227	79
16	484	95
17	20	61
17	168	77
17	207	79
17	275	84
17	315	69
17	505	39
17	549	46
17	583	31
18	594	18
19	53	35
19	62	42
19	105	34
19	110	28
19	168	59
19	257	14
19	343	27
19	398	31
19	426	22
19	490	14
19	500	21
19	525	72
19	612	17
19	614	37
20	73	63
20	221	90
20	348	30
20	564	92
21	68	72
21	99	86
21	150	98
21	414	41
21	422	82
22	186	87
22	223	75
22	261	52
22	406	11
22	478	15
23	28	38
23	231	58
23	269	97
23	354	93
23	494	19
24	94	49
24	95	88
24	317	97
24	424	52
24	458	51
24	579	51
24	580	47
25	27	50
25	130	36
25	415	63
26	18	28
26	266	43
26	316	46
26	320	11
26	515	93
26	550	100
27	86	97
27	323	22
27	436	30
28	8	73
28	38	15
28	145	97
28	148	17
28	391	94
28	589	46
29	23	34
29	82	40
29	111	64
29	199	19
29	230	65
29	351	99
29	510	13
29	586	97
29	625	69
30	14	76
30	72	64
30	86	12
30	299	100
30	328	60
30	359	76
30	434	64
30	532	94
31	6	94
31	70	13
31	278	32
31	311	44
31	333	78
31	500	96
31	505	73
31	532	54
32	65	53
32	109	61
32	145	99
32	217	58
32	503	96
33	36	89
33	178	41
33	257	80
33	397	25
33	414	19
33	563	64
34	25	100
34	147	74
34	272	93
34	319	47
34	343	35
34	599	87
35	22	86
35	134	35
35	368	12
35	461	34
35	491	67
35	534	52
35	554	93
35	600	88
36	60	25
36	166	85
36	276	47
36	316	13
36	335	83
36	362	67
36	453	78
36	482	92
36	584	96
37	138	98
37	385	80
37	402	48
38	114	59
38	123	24
38	248	22
38	249	21
38	347	61
38	482	15
38	484	85
38	499	38
38	601	71
39	50	94
39	59	54
39	199	47
39	240	44
39	280	28
39	366	62
39	447	69
39	466	36
39	552	46
39	620	36
40	17	45
40	33	34
40	90	73
40	202	62
40	414	26
40	602	50
41	16	27
41	37	90
41	105	18
41	255	30
41	294	63
41	331	91
41	528	93
41	540	81
42	44	57
42	83	93
42	267	76
42	307	95
42	432	22
42	508	13
42	573	54
42	591	86
42	620	15
42	622	68
43	9	41
43	172	12
43	176	12
43	182	57
43	240	12
43	367	76
43	504	50
44	5	28
44	32	86
44	54	31
44	241	68
44	242	25
44	420	92
44	502	87
44	509	78
44	539	75
45	7	14
45	8	83
45	85	93
45	139	66
45	171	44
45	224	76
45	262	83
45	289	70
45	560	55
45	586	75
46	6	13
46	208	56
46	421	83
47	157	11
47	214	24
47	246	37
47	301	40
47	407	86
47	420	94
47	486	74
47	499	68
47	544	31
47	619	32
48	17	31
48	29	73
48	194	84
48	454	93
48	544	80
48	573	94
48	596	38
48	601	92
49	7	100
49	181	13
49	191	20
49	244	12
49	250	60
49	277	81
49	283	82
49	336	91
49	527	31
49	575	69
50	21	50
50	39	67
50	139	45
50	327	71
50	378	63
51	29	76
51	140	21
51	214	79
51	241	54
51	295	68
51	421	22
51	561	58
51	615	30
52	36	19
52	146	63
52	177	17
52	295	35
52	542	50
52	568	79
53	235	45
53	273	93
53	320	39
53	449	87
53	463	74
53	506	25
53	508	57
53	531	89
53	570	91
54	9	72
54	67	52
54	86	15
54	159	49
54	300	22
54	415	27
54	570	79
55	83	54
55	169	15
55	327	32
55	359	85
55	383	96
55	551	18
56	100	29
56	102	88
56	142	59
56	368	33
56	465	76
56	517	19
57	151	37
57	185	47
57	298	62
57	407	74
57	491	17
58	230	100
58	327	34
58	404	60
58	441	63
58	582	88
58	609	15
59	229	73
59	303	83
59	390	97
59	525	36
59	587	64
59	595	61
60	144	63
60	211	57
60	276	38
60	334	41
61	85	75
61	608	14
62	6	26
62	74	45
62	230	21
62	274	22
62	355	37
62	380	48
62	515	45
63	10	14
63	21	49
63	64	70
63	71	70
63	283	55
63	427	37
63	470	65
63	473	44
63	475	74
63	488	41
63	569	52
64	253	22
64	443	57
64	615	21
65	17	11
65	211	97
65	595	55
66	11	63
66	54	27
66	115	95
66	161	14
66	164	96
66	593	31
66	624	28
67	96	68
67	106	48
67	221	23
67	287	27
67	299	73
67	363	71
67	415	47
67	528	22
68	236	38
68	325	100
68	483	84
69	35	27
69	382	87
69	444	89
69	620	19
70	173	62
70	215	44
70	308	29
70	329	86
70	363	36
70	514	55
70	518	33
71	61	63
71	169	36
71	528	14
71	601	72
72	170	63
72	435	71
72	462	96
72	589	28
72	607	76
73	303	32
73	321	67
73	424	92
73	515	39
73	592	54
74	8	96
74	118	50
74	124	59
74	247	40
74	468	43
74	472	25
74	478	100
74	479	90
74	572	59
75	43	76
75	125	11
75	161	45
75	215	94
75	281	82
75	401	34
75	428	48
75	479	56
75	531	63
76	57	53
76	158	87
76	165	64
76	452	36
76	490	33
76	613	67
77	95	38
77	149	40
77	256	52
77	572	32
78	150	41
78	458	62
78	494	62
78	523	23
78	599	55
78	613	16
78	616	18
79	192	76
79	233	82
79	430	70
79	487	20
79	575	61
80	19	36
80	229	30
80	245	53
80	308	97
80	340	65
80	556	43
80	575	60
81	12	94
81	68	82
81	116	30
81	165	68
81	166	37
81	268	64
81	355	16
81	366	57
81	426	50
81	500	87
81	508	79
81	586	36
82	146	67
82	259	91
82	472	99
82	556	84
82	583	21
83	78	53
83	227	90
83	429	96
84	75	93
84	128	31
84	229	18
84	255	29
84	273	80
84	313	69
84	515	87
84	614	25
85	354	28
85	421	83
85	563	62
85	595	67
85	600	77
86	7	11
86	91	42
86	93	49
86	127	11
86	200	41
86	351	47
86	384	34
86	619	31
87	83	86
87	275	32
87	424	67
87	559	51
87	574	12
88	60	40
88	96	21
88	241	83
88	267	42
88	309	21
88	612	84
88	617	47
89	222	22
89	225	56
89	425	47
89	533	71
89	544	83
90	25	91
90	201	43
90	227	95
90	334	95
90	366	85
90	424	53
90	618	63
91	73	49
91	111	97
91	209	26
91	587	94
92	31	35
92	50	26
92	215	16
92	252	85
92	287	21
92	325	19
92	339	77
92	388	69
92	546	30
93	81	26
93	228	29
94	97	49
94	179	93
94	193	88
94	231	89
94	277	54
94	394	24
94	480	28
94	524	13
94	557	53
94	581	59
94	586	42
95	89	83
95	178	70
95	311	99
95	364	50
95	371	11
96	216	33
96	332	23
96	370	41
96	406	73
96	446	67
97	23	70
97	138	58
97	317	38
97	503	55
98	10	95
98	81	38
98	180	27
98	190	72
98	438	21
98	506	42
98	614	57
99	105	95
99	111	30
99	295	41
99	316	60
99	528	84
99	534	19
99	566	62
100	53	79
100	61	29
100	146	81
100	169	62
100	228	76
100	239	38
100	371	96
100	462	64
100	475	47
100	496	58
100	523	77
100	586	90
100	624	27
101	80	76
101	139	81
101	195	29
101	323	25
101	331	18
101	346	14
101	434	32
101	443	96
101	457	57
101	512	94
102	20	98
102	81	76
102	98	45
102	175	46
102	248	26
102	285	38
102	300	19
102	307	97
102	320	99
102	381	12
102	572	50
103	8	50
103	63	16
103	87	44
103	187	56
103	230	64
103	341	41
103	572	25
104	13	47
104	90	14
104	100	35
104	210	76
104	222	43
104	281	75
104	495	38
104	497	73
105	38	80
105	115	25
105	140	38
105	186	48
105	210	39
105	230	24
105	292	43
105	426	20
106	32	21
106	48	86
106	54	86
106	190	88
106	324	98
106	349	28
106	389	83
107	61	46
107	76	87
107	165	95
107	368	90
107	576	23
108	177	78
108	341	35
108	575	50
109	271	27
109	382	69
109	475	14
109	485	72
109	574	23
110	64	58
110	208	70
110	332	98
110	364	83
110	457	29
111	327	64
111	587	71
111	597	69
112	72	67
112	94	49
112	138	83
112	141	90
112	623	74
113	291	76
113	447	27
113	516	36
113	536	87
113	564	41
113	599	95
113	604	91
114	52	100
114	187	32
114	209	50
114	292	27
114	374	96
114	382	99
114	451	90
115	104	98
115	252	30
115	318	27
116	9	57
116	408	18
117	138	52
117	165	39
117	323	43
117	435	27
117	524	19
117	572	53
118	6	95
118	95	19
118	222	79
118	286	48
118	424	98
119	124	16
119	137	70
119	362	35
119	377	50
119	460	18
119	492	91
119	549	85
120	18	56
120	49	77
120	170	46
120	213	82
120	217	98
120	238	81
120	264	15
120	312	25
120	428	34
120	480	27
120	573	87
121	82	20
121	124	15
121	129	37
121	209	86
121	431	93
121	510	84
121	514	81
121	578	38
121	600	18
121	613	53
122	33	35
122	82	44
122	613	11
122	617	54
123	410	46
124	180	56
124	198	37
124	229	70
124	558	41
124	606	65
125	239	46
125	246	59
125	421	33
125	476	71
125	507	82
125	539	92
125	584	79
125	589	75
126	66	83
126	140	24
126	141	88
126	241	22
126	393	33
126	499	32
127	40	14
127	205	31
127	246	87
127	294	31
127	434	22
127	545	19
128	60	48
128	435	95
128	519	96
128	548	37
128	589	92
128	591	46
129	39	41
129	223	36
130	26	95
130	100	37
130	172	70
130	293	72
130	359	37
130	557	30
130	580	66
131	45	64
131	335	15
131	397	49
131	492	51
131	555	16
132	167	75
132	191	85
133	97	71
133	292	94
133	353	97
133	364	84
133	414	76
133	444	82
133	555	69
134	11	61
134	42	30
134	432	16
134	514	99
135	9	98
135	81	50
135	174	41
135	230	27
135	239	50
135	259	100
135	401	62
135	479	77
135	525	69
136	314	33
136	315	97
136	319	17
136	602	49
137	3	74
137	7	31
137	474	26
137	541	27
137	588	94
137	624	47
138	101	43
138	153	18
138	171	37
138	212	18
138	340	15
138	363	56
138	455	32
138	501	66
138	591	69
138	605	12
139	194	66
139	261	59
139	270	90
139	353	82
139	617	37
140	105	52
140	138	97
140	298	42
140	333	46
140	550	16
140	616	53
141	115	71
141	310	68
141	333	69
141	365	64
141	459	48
141	474	90
142	60	15
142	216	71
142	250	74
142	295	62
142	348	70
142	477	58
142	505	48
143	52	37
143	115	69
143	309	85
144	61	39
144	69	27
144	133	30
144	153	73
144	187	62
144	270	60
144	315	85
144	427	57
144	456	63
144	595	41
145	110	80
145	200	43
145	220	71
145	286	85
145	384	74
146	11	56
146	37	36
146	111	52
146	147	84
146	426	91
146	431	20
146	513	75
146	595	52
147	37	97
147	79	100
147	93	99
147	111	39
147	427	57
147	448	96
147	472	75
147	497	25
147	612	50
148	70	79
148	184	62
148	215	34
148	347	80
148	618	50
149	14	89
149	40	91
149	270	25
149	287	23
149	421	18
150	23	69
150	140	39
150	319	38
150	417	92
151	20	64
151	95	25
151	147	18
151	313	73
151	505	73
151	508	52
151	612	98
152	113	43
152	235	37
152	247	98
152	350	35
152	387	46
152	389	37
152	624	75
153	462	37
153	550	89
153	556	89
153	564	12
153	566	43
154	146	36
154	147	83
154	380	17
154	394	56
154	614	22
155	377	35
155	389	32
155	447	98
155	484	14
155	517	72
155	565	79
155	615	46
156	219	86
156	418	99
156	504	29
157	114	73
157	155	44
157	215	22
157	267	61
157	307	68
157	423	60
157	546	53
157	584	35
158	27	27
158	117	67
158	185	84
158	391	89
158	519	61
158	601	79
158	611	35
159	9	56
159	22	71
159	95	23
159	145	36
159	152	78
159	492	79
159	557	13
159	622	25
160	42	57
160	124	29
160	361	77
160	413	14
160	449	67
160	453	64
160	515	24
160	535	11
160	564	38
160	601	14
161	104	44
161	175	59
161	302	68
161	305	62
161	463	16
161	606	15
162	279	80
162	601	71
163	34	41
163	170	27
163	316	13
163	452	21
163	507	65
163	525	21
164	99	75
164	196	92
164	235	32
164	514	75
165	126	16
165	199	54
165	370	74
165	407	67
165	546	46
166	99	50
166	138	60
166	221	67
166	242	59
166	252	18
166	324	48
166	366	69
166	399	71
166	403	85
167	82	44
167	308	40
167	472	69
168	72	26
168	295	63
168	353	32
168	420	18
168	611	56
169	28	21
169	168	29
169	218	44
169	237	28
169	381	66
169	506	67
169	548	32
170	28	43
170	32	49
170	104	26
170	191	17
170	250	90
170	251	53
170	342	19
170	417	91
171	26	40
171	151	23
171	231	34
171	318	65
171	372	19
171	564	94
171	608	15
171	610	90
172	36	29
172	97	11
172	201	91
172	236	75
172	246	67
172	299	79
172	364	20
172	508	57
173	23	64
173	71	23
173	99	69
173	130	15
173	379	83
173	385	18
173	535	65
173	542	77
174	25	81
174	55	83
174	295	88
174	303	66
174	391	43
174	438	88
174	478	73
175	58	73
175	138	60
175	163	75
175	221	13
175	229	23
175	230	92
175	307	84
175	384	93
175	481	34
175	493	74
176	75	16
176	293	75
176	427	98
176	519	22
177	294	54
177	353	65
177	384	89
177	468	57
178	56	83
178	59	61
178	158	61
178	203	24
178	274	49
178	298	89
178	348	40
178	371	83
178	377	97
178	429	95
178	438	22
178	459	53
178	624	100
179	287	33
179	350	28
179	454	50
179	463	93
179	571	23
180	44	56
180	77	87
180	103	60
180	216	40
180	315	63
180	387	95
180	397	35
180	433	67
180	442	98
180	595	67
180	613	66
181	43	21
181	85	27
181	159	87
181	256	70
181	278	99
181	428	27
181	570	77
182	108	23
182	158	60
182	181	61
182	188	76
182	248	91
182	277	35
182	317	58
182	328	99
182	418	86
182	505	33
183	197	99
183	291	47
183	317	18
183	358	93
183	449	50
183	465	72
183	572	55
183	594	100
184	93	90
184	174	73
184	191	50
184	302	65
184	331	61
184	398	81
184	537	91
184	562	68
185	69	72
185	123	98
185	127	52
185	158	53
185	328	55
185	587	14
186	255	99
186	270	71
186	340	85
186	389	92
186	430	63
187	110	13
187	159	85
187	165	78
187	276	54
187	470	92
187	500	74
187	563	54
188	276	14
188	288	49
188	362	87
188	552	85
188	596	55
189	43	44
189	247	78
189	316	88
189	337	99
189	413	82
189	451	78
189	571	29
189	610	35
190	29	78
190	197	15
190	232	46
190	351	95
191	3	63
191	24	27
191	186	71
191	252	80
191	444	60
191	482	100
191	487	40
191	543	82
191	564	19
191	587	25
192	145	71
192	169	23
192	223	99
192	396	21
192	600	82
193	50	75
193	156	68
193	182	29
193	191	38
193	225	63
193	314	40
193	355	17
193	359	35
193	442	82
193	502	44
193	509	67
193	559	49
194	56	20
194	76	67
194	121	50
194	142	41
194	187	45
194	221	63
194	422	23
194	491	76
194	504	25
194	540	34
194	555	71
195	47	92
195	62	24
195	261	18
195	350	89
195	440	65
195	582	51
196	302	58
196	340	92
196	430	92
196	501	71
197	199	56
197	200	72
197	257	12
197	324	66
197	393	50
197	409	83
197	469	69
197	490	40
197	549	89
198	320	47
198	456	51
199	40	49
199	100	26
199	212	96
199	233	22
199	552	79
199	562	35
200	43	34
200	101	45
200	213	60
200	234	50
200	314	38
200	439	53
200	534	18
201	80	61
201	174	78
201	261	85
201	362	67
201	597	62
202	63	14
202	137	50
202	203	49
202	294	41
202	333	91
202	578	57
202	585	49
203	67	76
203	120	64
203	130	66
203	213	84
203	240	31
203	486	86
204	29	51
204	129	39
204	465	45
205	54	21
205	97	20
205	260	100
206	33	39
206	100	96
206	163	81
206	290	99
206	410	74
206	421	56
206	440	25
206	515	49
207	39	62
207	152	27
207	206	29
207	404	99
207	422	19
207	594	34
208	11	40
208	36	91
208	45	92
208	216	56
208	285	45
208	415	21
208	525	70
208	528	37
208	558	59
208	562	96
209	143	56
209	190	42
209	211	28
209	259	89
209	283	88
209	454	39
209	537	89
209	553	44
209	558	87
209	593	90
210	8	62
210	119	58
210	230	26
210	233	84
210	291	99
210	344	74
210	357	24
210	390	27
210	458	60
210	582	84
211	32	84
211	105	61
211	159	99
211	264	99
211	278	71
211	351	96
211	364	54
211	399	72
211	409	91
212	20	54
212	27	52
212	172	16
212	263	82
212	283	54
212	428	38
213	2	25
213	11	74
213	107	21
213	260	72
213	383	61
213	414	80
214	30	39
214	85	12
214	119	80
214	132	98
214	184	30
214	305	37
214	331	68
214	411	57
214	412	58
214	552	66
214	571	12
215	176	68
215	415	69
215	498	82
215	511	83
215	572	46
216	168	100
216	312	30
216	361	57
216	587	75
217	43	99
217	44	47
217	106	93
217	131	98
217	227	81
217	256	53
217	375	60
217	558	71
217	566	61
218	46	71
218	174	35
218	215	69
218	362	14
218	366	55
218	473	80
218	573	100
219	54	32
219	56	64
219	200	67
219	217	35
219	492	100
220	76	21
220	169	32
220	223	40
220	424	37
220	454	93
220	550	46
220	586	68
221	97	78
221	123	13
221	175	44
221	307	11
221	332	59
221	482	95
221	487	95
221	501	94
221	538	96
222	15	47
222	144	50
222	167	78
222	202	75
222	265	47
222	296	66
222	500	39
222	565	36
222	578	20
223	11	30
223	177	48
223	248	29
223	262	36
223	359	49
223	373	11
223	401	74
223	555	47
223	556	30
224	184	51
224	203	39
224	239	46
224	284	70
224	504	22
224	539	97
224	574	84
225	140	57
225	245	82
225	385	97
225	477	21
226	89	100
226	120	68
226	397	45
227	70	17
227	91	60
227	347	42
227	423	85
227	457	85
227	601	88
228	70	50
228	125	26
228	147	19
228	184	23
228	265	40
228	412	80
228	585	61
229	466	41
229	593	82
230	66	94
230	143	50
230	210	14
230	291	51
230	294	13
230	417	60
230	486	32
231	99	59
231	156	80
231	221	77
231	356	14
231	436	40
232	175	97
232	247	32
232	275	73
232	398	72
232	436	82
232	541	66
233	8	69
233	44	74
233	48	20
233	149	39
233	287	99
233	388	85
233	427	79
233	484	64
233	493	71
233	569	14
234	125	70
234	213	54
234	220	55
234	231	37
234	250	63
234	270	47
234	457	43
234	467	89
234	493	37
234	550	38
235	38	54
235	191	11
235	244	56
235	252	60
235	496	62
235	583	62
236	158	42
236	171	16
236	398	35
236	407	47
236	409	66
236	451	24
237	35	13
237	138	44
237	244	18
237	312	97
237	330	43
237	473	98
237	484	41
237	590	78
238	79	73
238	354	78
238	385	90
238	477	37
238	506	12
238	557	31
238	599	32
238	612	67
239	61	17
239	76	49
239	95	37
239	133	20
239	166	34
239	277	30
239	288	31
239	344	92
239	529	17
240	53	62
240	67	93
240	89	48
240	258	69
240	277	59
240	299	43
240	427	36
240	473	90
240	584	49
240	598	72
240	618	31
241	16	19
241	182	59
241	286	85
241	297	62
241	377	22
241	408	35
241	517	88
242	29	18
242	33	29
242	403	72
242	407	70
243	97	96
243	166	88
243	275	95
243	312	59
243	340	57
243	363	92
243	598	85
244	34	91
244	174	27
244	212	13
244	474	57
244	475	76
245	69	92
245	120	37
245	217	92
245	521	59
246	30	76
246	85	43
246	227	53
246	248	37
246	466	79
246	515	65
246	530	99
247	67	36
247	100	72
247	160	46
247	282	53
247	337	65
247	392	85
247	517	51
247	622	92
248	395	92
248	515	92
248	537	83
249	32	43
249	36	94
249	138	100
249	281	91
249	372	59
249	491	57
250	64	83
250	84	22
250	283	83
250	497	29
251	115	79
251	166	18
251	237	64
251	278	68
251	387	81
251	474	98
251	523	50
251	530	96
251	572	83
252	178	11
252	192	50
252	243	21
252	277	78
252	482	78
252	534	53
252	584	28
252	593	95
252	602	88
253	68	100
253	169	36
253	232	21
253	237	68
253	365	99
253	366	30
253	374	89
253	397	59
253	439	55
253	443	21
253	464	82
253	503	51
253	511	85
254	39	39
254	68	11
254	90	62
254	168	15
254	318	17
254	322	97
254	349	58
254	418	96
254	552	96
255	67	35
255	416	90
255	449	55
255	556	91
256	195	80
256	216	78
256	291	42
256	337	51
256	473	73
256	531	96
256	577	47
256	620	98
257	21	44
257	77	17
257	466	52
257	505	19
257	624	32
258	32	57
258	177	76
258	238	76
258	273	25
258	305	68
258	322	80
259	16	45
259	66	43
259	112	30
259	276	40
259	538	22
259	552	94
259	602	81
260	28	79
260	88	76
260	108	63
260	185	84
260	264	39
260	333	80
260	407	21
260	446	28
261	61	93
261	74	95
261	304	55
261	336	61
261	432	65
261	543	68
262	124	52
262	281	32
262	368	67
262	427	68
262	433	64
263	382	53
263	430	19
263	451	35
264	112	57
264	174	79
264	253	49
264	282	56
265	13	88
265	80	92
265	84	72
265	168	79
265	270	71
265	312	20
265	344	44
265	365	50
265	615	35
266	7	32
266	80	82
266	181	48
266	491	22
266	584	94
267	13	44
267	20	71
267	114	16
267	180	36
267	269	71
267	396	89
267	558	80
268	4	74
268	90	97
268	108	60
268	163	89
268	197	50
268	324	71
268	397	98
269	97	76
269	139	49
269	177	68
269	436	92
269	526	35
269	551	44
269	613	73
270	71	80
270	188	85
270	238	84
270	384	22
270	421	42
270	481	51
270	511	49
270	602	67
271	147	74
271	263	27
271	478	15
271	589	79
271	609	45
272	46	20
272	214	82
272	342	89
272	358	32
272	525	68
273	37	45
273	78	56
273	177	13
273	209	54
273	258	100
273	288	76
273	390	72
273	508	24
273	528	74
273	605	61
274	137	40
274	163	78
274	182	31
274	208	35
274	278	47
274	279	46
274	332	70
274	457	41
275	120	25
275	226	83
275	552	30
275	568	79
275	579	85
276	150	25
276	402	31
276	456	40
276	536	40
276	544	57
276	552	13
276	602	86
276	608	87
277	61	97
277	149	99
277	385	59
278	30	21
278	66	75
278	402	77
278	490	24
278	513	28
278	534	65
279	29	48
279	52	83
279	420	46
279	505	34
279	514	65
279	578	96
279	609	84
280	8	50
280	44	16
280	231	100
280	389	38
280	454	71
280	547	53
280	609	85
281	190	70
281	204	70
281	293	53
281	354	62
281	600	11
282	108	42
282	334	45
282	368	77
283	15	28
283	24	69
283	211	63
283	367	64
283	390	84
283	495	78
283	526	100
284	78	60
284	145	68
284	174	20
284	194	35
284	271	30
284	374	55
284	434	88
284	563	36
285	259	57
285	273	58
286	16	87
286	27	17
286	156	65
286	158	17
286	183	49
286	259	65
286	280	83
286	512	98
286	537	43
287	13	89
287	21	41
287	77	82
287	175	53
287	209	84
287	212	50
287	345	16
287	401	57
287	509	83
287	516	65
287	570	84
288	7	71
288	93	100
288	298	66
288	504	78
289	155	45
289	290	82
289	335	12
289	467	71
289	476	66
289	483	38
289	570	71
289	585	18
290	16	75
290	26	17
290	74	45
290	194	65
290	210	87
291	96	96
291	321	24
291	336	64
291	339	95
291	340	35
291	452	18
291	473	18
291	585	56
291	592	96
291	599	91
292	40	40
292	108	71
292	120	81
292	158	77
292	245	94
292	252	53
292	362	33
292	463	17
293	154	46
293	228	72
293	318	30
293	353	44
293	394	38
293	466	60
293	467	35
293	548	29
293	588	68
294	102	69
294	277	73
294	455	49
294	484	98
295	64	45
295	142	28
295	163	13
295	393	58
295	614	65
296	92	40
296	227	25
296	313	35
296	359	68
296	487	16
296	564	82
296	600	19
297	73	46
297	149	82
297	375	54
297	584	20
298	23	58
298	142	71
298	382	36
298	447	78
298	460	91
298	495	82
298	545	62
298	606	16
298	622	30
299	71	91
299	249	42
299	280	22
299	330	88
299	373	24
299	378	11
299	450	73
299	539	85
299	584	76
299	593	40
300	85	45
300	133	39
300	315	24
300	365	31
300	432	22
300	450	50
300	586	23
301	373	35
301	452	42
301	524	15
301	558	51
301	611	80
302	37	53
302	478	77
302	560	96
302	596	41
303	127	28
303	187	96
303	388	25
303	395	54
303	437	29
303	443	29
303	603	85
303	606	52
304	198	53
304	275	26
304	285	85
304	523	14
305	209	61
305	478	55
306	278	47
306	352	11
306	366	79
306	381	90
307	79	11
307	350	67
307	435	82
307	547	83
307	588	19
307	590	99
308	26	53
308	173	35
308	252	86
308	361	24
308	496	44
309	19	70
309	263	74
309	326	42
309	399	25
309	435	11
309	547	51
309	586	54
310	29	23
310	176	48
310	207	56
310	306	29
310	369	55
310	510	71
310	534	59
311	49	85
311	157	100
311	194	66
311	491	12
312	108	46
312	113	17
312	231	46
312	234	50
312	255	94
312	326	48
312	334	11
312	348	51
312	500	45
312	607	70
313	5	49
313	36	74
313	167	30
313	271	36
313	272	15
313	433	92
314	459	71
314	597	96
315	39	30
315	46	79
315	83	78
315	123	72
315	241	76
315	325	29
315	536	69
315	538	18
315	569	61
316	90	81
316	98	53
316	180	70
316	210	15
316	382	94
316	398	54
316	454	64
316	522	56
316	622	88
317	35	39
317	39	20
317	84	60
317	214	49
317	258	47
317	266	49
317	287	43
317	319	19
317	365	48
317	618	73
318	30	24
318	103	55
318	209	99
318	294	46
318	330	18
318	368	33
318	443	70
318	520	99
318	525	81
319	53	23
319	225	56
319	246	14
319	327	88
319	515	92
319	606	56
320	1	97
320	170	75
320	316	48
320	541	64
320	553	77
321	69	47
321	240	42
321	285	74
321	534	75
321	574	12
321	599	75
322	83	44
322	277	32
322	279	45
322	360	33
322	490	14
323	201	69
323	360	92
324	27	20
324	208	53
324	214	11
324	253	17
324	282	85
324	537	100
325	11	90
325	83	30
325	94	15
325	316	82
325	601	30
325	602	91
326	103	83
326	121	59
326	160	55
326	178	46
326	420	49
327	214	12
327	234	11
327	372	91
327	432	31
327	447	42
327	454	73
327	557	96
328	16	60
328	26	57
328	157	46
328	465	15
328	484	44
328	530	96
328	551	46
329	99	63
329	162	57
329	359	64
329	442	24
329	600	63
330	305	43
330	345	69
330	381	71
330	400	97
331	222	100
331	267	11
332	22	53
332	49	43
332	64	42
332	270	15
332	295	38
332	553	28
332	598	51
333	39	32
333	220	80
333	295	38
333	301	43
333	317	83
333	366	12
333	421	42
333	507	58
333	543	55
333	567	96
334	22	94
334	75	76
334	134	38
334	615	33
335	99	25
335	130	52
335	166	79
335	260	90
335	264	60
335	300	40
335	316	21
335	354	94
335	404	100
335	533	85
335	596	53
336	100	19
336	194	78
336	359	71
336	387	76
336	414	88
337	31	36
337	49	72
337	89	84
337	182	45
337	288	59
337	389	87
337	392	76
337	416	68
338	19	28
338	116	74
338	177	39
338	298	85
338	330	40
338	389	12
338	488	74
339	39	52
339	164	46
339	238	67
339	239	67
339	290	27
340	71	80
340	352	65
340	448	26
340	517	22
341	4	99
341	33	27
341	140	69
341	191	94
341	204	63
341	302	15
341	307	70
341	528	21
341	545	40
342	4	54
342	488	100
342	563	26
343	31	33
343	215	45
343	216	51
343	251	58
343	593	24
343	601	83
344	132	31
344	153	97
344	192	88
344	205	52
344	210	85
344	241	89
344	614	88
345	48	22
345	111	77
345	148	48
346	62	80
346	104	55
346	286	64
346	321	47
347	29	51
347	56	29
347	66	73
347	137	44
347	165	19
347	184	19
347	204	94
347	270	25
347	457	49
347	487	60
347	605	34
348	165	31
348	476	47
348	489	22
348	520	49
348	550	44
348	581	100
349	30	95
349	117	46
349	140	57
349	223	64
349	413	22
349	458	74
349	542	90
349	574	67
350	59	17
350	102	27
350	307	72
350	317	11
350	526	27
350	529	46
350	530	33
350	564	13
350	622	72
351	233	81
351	515	31
352	76	62
352	155	18
352	349	89
352	409	94
352	502	31
353	8	59
353	457	15
354	9	88
354	195	40
354	236	56
354	475	99
354	497	84
355	6	70
355	22	22
355	73	84
355	398	61
355	490	92
355	527	19
355	587	58
355	594	73
356	94	22
356	131	51
356	214	99
356	236	64
356	313	22
356	516	56
356	615	27
357	63	90
357	96	100
357	178	81
357	334	65
357	443	54
357	573	19
358	123	90
358	208	60
358	543	21
358	565	77
358	583	76
359	34	13
359	69	33
359	176	70
359	295	51
360	19	24
360	51	96
360	92	54
360	94	78
360	107	40
360	191	24
360	215	42
360	380	88
360	484	92
361	47	81
361	64	95
361	175	38
361	264	21
361	328	38
361	417	58
361	439	58
362	43	82
362	88	84
362	181	17
362	195	31
362	225	42
362	251	61
362	286	62
362	314	77
362	424	20
362	463	78
362	474	85
362	479	44
363	40	42
363	205	39
363	447	36
363	572	85
363	587	75
364	2	22
364	239	69
364	483	46
364	528	72
364	581	29
364	589	27
364	590	33
364	605	85
365	27	48
365	457	48
365	492	46
365	563	30
366	83	56
366	168	16
366	268	38
366	483	14
366	528	48
366	554	46
367	157	44
367	193	73
367	548	31
367	560	45
368	236	79
368	245	14
368	313	70
368	331	71
368	405	77
368	490	52
368	510	11
369	57	81
369	165	35
369	179	81
369	308	95
369	496	59
369	571	73
370	3	59
370	23	65
370	202	84
370	251	29
370	263	54
370	281	27
370	367	35
370	426	92
371	39	18
371	107	63
371	174	82
371	390	64
371	415	45
371	477	20
372	26	97
372	32	18
372	144	64
372	256	61
372	406	66
372	444	85
372	511	32
372	599	37
373	109	44
373	433	99
373	465	65
373	618	13
374	91	95
374	212	29
374	304	51
374	305	15
374	509	46
374	559	28
374	597	54
375	43	100
375	192	75
375	306	71
375	324	29
375	400	75
375	424	84
375	456	45
375	465	89
375	510	59
375	600	70
376	45	13
376	255	35
376	297	94
377	192	85
377	241	93
377	369	11
377	402	57
377	601	88
377	620	81
378	22	52
378	32	92
378	77	61
378	306	27
378	431	77
379	289	76
379	310	41
379	491	39
380	72	59
380	83	85
380	131	48
380	155	76
380	276	98
380	378	33
380	429	34
380	493	47
380	507	57
380	541	22
381	22	20
381	38	27
381	60	69
381	75	24
381	271	94
381	475	64
381	542	70
381	571	68
382	46	22
382	98	94
382	221	42
382	228	63
382	375	15
382	510	72
382	578	96
382	609	60
383	7	37
383	61	28
383	108	88
383	110	41
383	282	70
383	296	42
383	353	28
383	518	60
383	574	84
384	58	48
384	89	76
384	97	53
384	439	82
384	490	79
384	575	45
384	586	48
385	131	32
385	141	38
386	25	80
386	132	34
386	304	54
386	408	28
386	561	18
387	36	26
387	92	100
387	98	25
387	136	31
387	217	42
387	461	88
387	582	23
387	609	85
388	144	100
388	170	83
388	358	28
388	369	82
388	448	72
388	501	80
388	545	62
388	574	51
389	121	49
389	136	49
389	140	75
389	143	92
389	257	75
389	287	16
389	321	95
389	351	64
390	102	23
390	233	96
390	290	56
390	384	20
390	472	49
391	1	92
391	22	12
391	31	42
391	71	99
391	100	64
391	177	71
391	202	91
391	245	35
391	527	31
392	150	82
392	223	52
392	279	18
392	280	76
392	419	80
392	556	19
392	578	87
392	623	28
393	200	70
393	295	42
393	320	14
393	400	55
393	469	91
393	614	15
394	48	50
394	106	63
394	138	90
394	189	29
394	379	88
394	386	92
394	470	62
394	559	17
394	577	44
395	7	27
395	51	100
395	148	53
395	169	42
395	173	20
395	215	46
395	380	66
395	530	48
396	144	33
396	318	26
396	545	24
397	55	44
397	455	47
397	470	48
397	471	58
397	492	84
397	519	26
397	558	55
397	593	17
397	597	99
398	13	89
398	481	72
398	523	61
398	560	55
399	177	79
399	276	63
399	280	82
399	589	36
399	613	56
400	133	66
400	243	77
400	266	38
400	418	53
400	529	47
400	583	62
401	291	63
401	444	40
401	584	32
402	542	24
402	588	19
403	38	22
403	104	25
403	245	65
403	284	37
403	387	45
403	402	85
403	539	84
403	625	41
404	187	79
404	613	91
405	87	74
405	223	51
405	226	44
405	287	81
405	373	69
405	392	42
405	438	11
405	491	16
406	61	52
406	187	78
406	258	77
406	499	24
406	617	76
407	37	33
407	179	44
407	206	26
407	225	68
407	279	74
407	301	93
407	320	16
407	328	64
407	517	81
407	528	46
407	597	14
408	66	81
408	233	90
408	308	75
408	331	98
408	337	86
409	2	45
409	87	60
409	179	66
409	410	100
409	526	69
409	593	49
410	23	92
410	78	21
410	98	48
410	147	77
410	153	66
410	169	89
410	201	79
410	375	59
410	419	63
410	544	90
411	21	45
411	88	66
411	143	95
411	226	35
411	291	20
411	333	86
411	343	97
411	380	33
411	602	64
412	38	28
412	175	99
412	256	17
412	447	71
412	464	100
412	497	60
412	574	18
413	75	96
413	159	94
413	187	55
413	245	24
413	247	25
413	341	100
414	164	83
414	173	56
414	245	24
414	253	14
414	400	71
414	496	89
415	169	30
415	335	48
415	392	87
415	504	66
415	586	99
416	43	52
416	103	44
416	104	86
416	207	96
416	215	31
416	286	51
416	306	28
416	481	25
416	488	70
417	59	51
417	90	86
417	120	39
417	154	96
417	172	83
417	415	13
417	488	15
417	554	85
417	609	100
417	624	61
418	351	74
418	373	42
418	464	76
418	486	67
418	586	39
419	3	50
419	89	30
419	98	100
419	145	13
419	225	37
419	331	90
419	356	81
419	458	45
419	469	84
420	1	47
420	44	77
420	144	69
420	179	42
420	243	30
420	504	37
420	583	54
421	197	93
421	250	95
421	278	86
421	413	24
421	428	59
421	457	95
422	23	14
422	122	35
422	308	37
422	550	20
423	117	35
423	151	91
423	291	64
423	329	82
423	539	64
423	566	61
424	57	18
424	72	27
424	92	95
424	206	30
424	322	53
424	383	24
424	394	83
425	178	67
425	186	68
425	257	70
425	276	26
425	305	26
425	467	42
425	583	83
425	611	72
426	139	65
426	202	30
426	227	18
426	288	38
426	542	72
426	590	67
427	145	62
427	195	73
427	451	15
427	468	51
428	132	15
428	219	81
428	300	46
428	414	43
428	524	38
428	574	89
428	590	25
429	51	41
429	97	43
429	151	37
429	157	72
429	231	30
429	253	44
429	501	90
430	140	92
430	141	48
430	158	82
430	225	45
430	425	93
430	510	89
430	562	61
431	62	16
431	186	73
431	188	38
431	197	39
431	210	38
431	255	77
431	271	58
432	202	53
432	441	55
432	450	81
433	11	79
433	166	93
433	175	29
433	253	19
433	326	64
433	338	43
433	372	84
434	43	38
434	183	20
434	245	90
434	316	99
434	470	14
434	550	92
435	7	70
435	127	57
435	258	14
435	317	26
435	455	12
435	461	80
435	503	93
435	582	23
436	17	19
436	143	68
436	273	86
436	297	56
436	318	99
436	496	45
436	573	41
437	95	80
437	228	53
437	304	68
437	501	25
437	522	44
438	82	54
438	105	49
438	142	59
438	207	21
438	506	37
438	581	58
438	621	55
439	50	54
439	157	11
439	299	80
439	376	91
439	379	90
439	382	47
439	510	46
440	106	77
440	472	67
441	259	18
441	418	50
442	27	17
442	69	78
442	127	16
442	137	30
442	184	42
442	301	33
442	580	81
443	176	86
443	302	86
443	326	47
443	388	62
443	529	47
443	548	78
444	5	66
444	58	29
444	72	21
444	148	52
444	149	25
444	279	71
444	336	61
444	511	64
445	2	65
445	83	16
445	212	20
445	377	19
445	586	53
445	609	59
446	66	77
446	119	98
446	326	64
446	333	92
446	342	44
446	412	81
446	505	99
446	527	71
446	545	71
446	593	81
447	44	94
447	117	100
447	302	29
447	361	75
447	427	47
448	16	94
448	165	31
448	233	39
448	375	23
448	456	74
448	497	25
449	117	55
449	206	86
449	290	46
449	305	21
449	374	21
449	450	34
450	445	20
450	453	21
450	497	81
451	17	62
451	276	22
451	326	98
451	416	97
451	522	18
451	583	21
451	605	20
452	29	19
452	36	55
452	267	54
452	450	38
452	464	71
452	471	69
452	473	38
452	484	15
452	570	96
453	2	76
453	206	30
453	470	37
454	189	39
454	284	55
454	430	75
454	530	72
454	619	99
455	152	14
455	282	81
455	444	75
456	22	92
456	106	65
456	128	14
456	150	100
456	289	26
456	382	66
456	488	73
456	543	31
456	549	95
456	600	82
457	87	52
457	296	12
457	321	79
457	377	91
457	461	28
457	536	100
458	3	19
458	52	45
459	99	11
459	180	72
459	199	41
459	321	14
459	365	79
459	377	82
459	430	29
459	571	80
460	1	51
460	71	48
460	82	75
461	267	44
461	295	87
461	390	50
461	481	18
461	586	65
462	15	68
462	34	68
462	46	17
462	155	52
462	274	74
462	397	75
462	509	21
462	524	68
462	531	51
462	591	50
463	14	75
463	72	75
463	84	27
463	125	16
463	193	64
463	350	69
463	395	70
463	498	12
463	516	67
463	622	90
463	625	20
464	17	34
464	21	15
464	116	45
464	172	95
464	335	81
464	368	65
464	511	50
464	542	18
465	6	70
465	156	69
465	232	61
465	237	52
465	251	32
465	296	98
465	530	48
466	32	22
466	262	84
466	323	86
466	566	83
467	105	96
467	455	45
468	219	33
468	334	90
468	411	49
468	421	14
469	52	71
469	219	93
469	257	69
469	371	30
469	567	91
469	576	66
470	93	37
470	114	81
470	137	98
470	192	77
470	232	22
470	303	62
470	442	80
470	486	25
470	522	42
470	557	21
471	24	69
471	68	58
471	90	77
471	160	61
471	192	50
471	306	53
471	452	16
471	557	96
472	14	53
472	95	18
472	125	39
472	197	19
472	244	27
472	442	15
472	585	39
473	108	21
473	152	87
473	265	24
473	296	14
473	336	25
473	404	28
473	462	88
473	575	29
474	69	95
474	70	48
474	139	36
474	176	78
474	288	11
474	465	55
475	87	85
475	170	93
475	219	83
475	482	42
475	513	25
475	529	59
476	107	59
476	294	46
476	340	74
476	503	81
476	583	55
477	15	80
477	23	61
477	362	16
477	415	29
477	500	53
477	546	76
478	83	82
478	94	57
478	131	26
478	200	93
478	215	14
478	266	58
478	307	12
478	311	15
478	479	19
478	527	75
479	193	68
479	221	67
479	371	33
479	573	23
480	287	47
480	336	82
480	410	98
480	486	93
481	161	98
481	345	41
481	373	26
481	402	30
481	405	20
481	615	98
482	205	94
482	614	11
482	617	69
483	33	68
483	200	90
483	260	15
483	313	85
483	477	36
484	162	77
484	202	76
484	401	40
484	469	81
484	546	59
484	573	69
485	90	100
485	182	97
485	238	93
485	277	29
486	173	69
486	226	42
486	272	94
486	434	86
486	494	13
486	617	28
487	40	40
487	90	30
487	110	63
487	326	30
487	367	55
487	458	63
487	480	25
487	619	74
488	282	94
488	297	89
488	447	84
488	449	37
488	464	33
488	549	39
488	598	62
489	51	31
489	127	43
489	182	55
489	191	52
489	291	34
489	327	20
489	468	90
489	471	68
490	50	63
490	75	52
490	160	42
490	172	56
490	243	17
490	361	47
490	481	87
490	586	70
491	28	37
491	48	52
491	448	31
491	462	22
491	550	85
492	201	100
492	253	34
492	263	87
492	301	59
492	414	25
492	420	30
492	446	56
493	79	24
493	115	17
493	196	92
493	226	83
493	281	84
493	288	84
493	331	37
494	52	54
494	229	68
494	245	91
494	271	83
494	310	35
494	318	88
494	459	60
494	478	86
495	2	46
495	115	70
495	171	21
495	183	75
495	363	67
495	409	73
495	461	18
495	517	35
495	608	90
496	399	16
496	433	41
496	579	75
497	6	54
497	98	30
497	296	16
497	433	87
497	466	90
497	578	79
498	49	86
498	66	81
498	84	74
498	144	45
498	235	24
498	264	44
498	304	63
498	395	78
498	421	51
498	449	93
498	469	78
498	623	97
499	151	37
499	161	73
499	299	46
499	300	70
499	304	89
499	477	28
500	8	77
500	49	37
500	194	53
500	246	38
500	280	85
501	15	54
501	208	47
501	256	16
502	380	64
502	466	48
502	482	25
503	69	35
503	91	59
503	227	74
503	329	88
503	341	25
503	351	90
503	521	48
503	574	78
504	20	67
504	205	26
504	249	36
504	383	98
504	528	52
505	6	99
505	19	14
505	160	72
505	243	92
505	282	78
505	502	87
505	608	32
506	131	70
506	369	57
506	457	20
506	558	68
506	597	46
506	606	88
507	14	70
507	29	11
507	65	86
507	145	74
507	603	33
507	617	77
508	20	76
508	67	57
508	343	31
508	354	19
509	154	71
509	312	96
509	339	21
509	356	83
510	11	92
510	126	58
510	163	50
510	297	39
510	469	49
510	518	72
510	527	35
511	185	63
511	195	74
511	258	13
511	483	97
511	543	49
512	2	36
512	83	71
512	90	26
512	146	80
512	469	53
512	526	96
513	94	72
513	158	91
513	193	42
513	287	98
513	362	92
513	379	38
513	398	83
513	440	16
513	452	32
513	523	85
514	83	33
514	195	78
514	245	29
514	547	54
514	595	66
515	6	41
515	49	14
515	119	74
515	332	48
515	348	77
515	478	59
515	479	47
515	576	45
516	69	63
516	74	36
516	88	70
516	161	18
516	168	12
516	446	71
516	492	57
516	618	77
517	36	67
517	181	24
517	401	12
518	6	11
518	76	94
518	108	75
518	171	44
518	254	24
518	432	99
518	543	29
519	187	76
519	318	28
519	458	55
519	489	96
520	210	23
520	246	54
520	417	20
520	617	63
521	28	42
521	125	65
521	159	21
521	195	64
521	206	44
521	238	70
521	494	20
521	501	12
521	586	68
522	46	21
522	91	47
522	111	93
522	400	78
522	516	46
523	144	74
523	314	37
523	372	73
523	401	53
523	524	52
523	544	72
523	587	42
524	1	58
524	56	84
524	80	71
524	180	88
524	346	30
524	401	46
524	528	11
524	539	88
524	612	83
525	62	50
525	182	42
525	206	67
525	275	65
525	312	12
525	477	39
525	491	38
525	543	57
525	614	82
526	132	32
526	276	72
526	335	52
526	428	97
526	496	57
527	36	62
527	335	67
527	367	26
527	453	38
527	462	47
527	620	20
528	140	43
528	204	50
528	222	55
528	491	98
528	553	64
528	592	70
529	30	59
529	283	57
529	392	79
529	519	87
529	580	22
530	1	48
530	10	98
530	247	90
530	279	69
530	383	65
530	424	66
530	482	16
530	550	41
530	587	40
530	601	69
531	167	60
531	214	84
531	290	32
531	443	43
531	507	54
532	14	91
532	247	20
532	362	49
532	390	29
532	485	70
532	623	100
533	16	87
533	49	93
533	145	63
533	234	88
533	269	92
533	287	12
533	326	59
533	390	94
533	491	53
534	261	60
534	327	44
534	335	62
535	88	52
535	170	53
535	192	80
535	243	45
535	490	50
535	507	25
535	520	90
536	4	76
536	68	52
536	270	41
536	283	37
536	361	18
537	16	60
537	75	49
537	124	51
537	157	94
537	266	37
537	387	22
537	390	33
538	36	16
538	91	94
538	144	98
538	228	39
538	261	52
538	354	44
538	365	24
538	376	29
538	547	68
538	577	12
538	611	28
539	30	89
539	269	85
539	318	51
539	439	47
540	89	67
540	547	64
541	21	45
541	195	39
541	426	23
541	441	81
541	470	49
541	499	64
541	549	97
542	19	74
542	402	13
542	438	50
542	474	95
542	541	48
542	583	14
542	606	40
543	10	36
543	37	36
543	166	55
543	280	95
543	283	76
543	299	72
543	375	86
544	56	60
544	126	22
544	343	79
544	402	71
544	439	67
544	545	61
545	57	92
545	209	46
545	280	87
545	494	80
545	558	84
546	207	92
546	248	95
546	288	67
546	306	63
546	339	27
546	455	52
546	498	71
547	17	40
547	76	59
547	132	75
547	140	18
547	197	61
547	327	38
547	382	49
547	502	84
548	144	19
548	161	62
548	220	46
548	351	74
548	492	97
548	552	29
548	582	90
549	46	22
549	94	35
549	397	93
549	591	92
550	109	35
550	225	62
550	326	84
550	418	16
550	505	42
550	556	48
550	563	89
551	11	82
551	100	52
551	320	35
551	386	47
551	392	44
551	608	14
551	621	11
552	446	39
552	484	60
552	494	99
553	16	16
553	82	78
553	580	31
554	12	79
554	95	53
554	106	54
554	197	92
554	404	83
554	544	59
554	589	56
555	235	99
555	373	26
555	464	31
555	551	29
555	565	84
556	174	18
556	226	54
556	268	42
556	359	55
556	502	45
556	551	42
557	34	28
557	291	24
557	322	20
557	353	46
557	483	58
557	498	90
557	522	78
558	22	31
558	219	81
558	227	57
559	8	34
559	20	57
559	210	55
559	345	66
559	359	89
559	395	21
559	438	41
559	444	48
559	476	46
559	513	56
559	523	37
559	565	82
560	20	56
560	38	54
560	110	25
560	271	98
560	309	33
560	327	79
560	420	21
560	589	65
560	590	43
561	43	24
561	171	83
561	233	20
561	238	47
561	258	38
561	273	63
561	541	97
562	205	11
562	206	44
562	255	81
562	263	76
562	374	94
563	59	45
563	379	34
563	592	22
563	602	75
564	64	97
564	181	17
564	487	20
564	519	15
564	528	22
565	55	21
565	78	83
565	138	68
565	190	84
565	273	96
565	416	32
565	448	14
565	620	87
566	259	54
566	310	20
566	354	77
566	445	72
567	156	96
567	162	72
567	264	80
567	468	57
568	82	27
568	277	64
568	385	42
568	435	17
568	611	49
569	1	14
569	10	72
569	189	39
569	199	46
569	363	48
569	514	61
569	620	23
570	405	100
570	442	18
570	552	78
571	127	64
571	334	89
571	421	67
571	504	95
572	11	23
572	221	84
572	274	76
572	290	11
572	320	69
572	328	40
572	527	71
572	571	74
573	43	27
573	87	16
573	218	36
573	246	76
573	290	83
573	405	87
573	567	66
574	243	95
575	50	57
575	162	67
575	375	30
575	395	73
576	115	39
576	191	30
576	249	46
576	274	17
576	504	94
576	590	56
577	33	94
577	44	65
577	146	56
577	174	35
577	272	57
577	313	17
577	364	57
577	423	96
577	521	98
577	580	83
577	599	93
578	53	14
578	109	54
578	203	87
578	323	56
578	569	70
579	15	33
579	23	68
579	239	12
579	275	16
579	403	48
579	450	16
579	572	28
580	133	22
580	224	95
580	327	19
580	400	68
580	475	21
580	478	43
580	491	77
581	156	23
581	363	27
581	430	21
581	456	48
581	508	94
581	559	26
581	606	84
582	251	72
582	257	13
582	377	65
582	412	52
583	53	39
583	438	91
583	470	45
583	517	66
583	593	33
583	599	19
584	12	79
584	217	48
584	320	41
584	334	70
584	359	29
584	516	12
585	217	96
586	103	30
586	163	59
586	214	41
586	317	81
586	333	75
586	422	26
586	449	50
586	468	94
587	33	79
587	74	41
587	104	20
587	258	87
587	375	55
587	392	47
587	436	45
587	481	44
587	539	56
587	618	88
588	56	69
588	156	18
588	292	61
588	355	82
588	484	92
588	505	49
588	567	31
588	596	31
589	43	30
589	69	89
589	149	17
589	255	26
589	427	18
589	462	45
589	482	60
589	606	49
590	106	57
590	231	22
590	266	33
590	281	95
590	443	11
590	468	99
591	353	100
591	375	30
591	376	41
591	422	79
591	433	100
591	466	43
591	546	72
591	572	59
591	605	29
591	613	79
591	625	75
592	17	95
592	20	97
592	241	55
592	275	98
592	393	35
592	400	36
592	412	33
592	474	16
592	498	70
592	538	60
592	558	12
592	570	54
593	123	40
593	124	96
593	153	22
593	211	94
593	234	83
593	253	29
593	319	24
593	348	52
593	367	73
593	385	14
593	497	13
593	604	96
594	65	52
594	86	71
594	97	32
594	180	85
594	244	38
594	259	97
594	452	72
594	543	40
594	591	95
595	157	92
595	308	92
595	324	55
595	379	91
595	585	49
595	624	49
596	111	68
596	123	12
596	127	82
596	225	56
596	272	97
596	476	82
596	513	12
596	520	69
596	580	45
597	36	39
597	108	96
597	138	75
597	161	92
597	214	89
597	288	45
597	410	71
598	272	35
598	290	48
598	307	23
598	332	75
598	378	60
599	71	58
599	117	97
599	299	92
599	392	64
599	425	72
600	25	37
600	116	35
600	174	67
600	428	66
600	527	77
601	65	45
601	67	16
601	179	18
601	180	77
601	210	15
601	242	54
601	293	49
601	347	17
601	357	98
601	414	63
601	432	99
601	473	24
602	193	19
602	252	98
602	269	82
602	323	25
602	384	63
602	487	68
602	505	36
602	520	77
602	563	50
602	590	97
602	599	47
603	78	50
603	201	31
603	231	32
603	382	40
603	439	83
603	558	12
603	589	84
604	137	75
604	140	37
604	215	25
604	287	91
604	351	67
604	355	24
604	492	85
604	511	19
604	620	52
605	13	93
605	20	32
605	161	51
605	213	68
605	248	47
605	307	91
606	12	42
606	70	21
606	88	75
606	115	28
606	295	32
606	340	45
606	341	86
606	365	44
606	485	20
606	611	25
607	19	34
607	53	85
607	185	86
607	346	49
607	473	12
608	67	94
608	220	56
608	240	37
608	242	81
608	258	51
608	468	77
608	486	13
608	571	85
608	580	75
608	612	19
609	261	59
609	316	72
609	613	78
609	618	25
610	62	81
610	82	90
610	114	58
610	122	21
610	168	69
610	170	59
610	291	37
610	309	83
610	311	39
610	498	11
610	521	17
610	524	13
611	22	40
612	137	73
612	173	86
612	195	92
612	536	41
612	620	22
613	57	93
613	245	30
613	368	59
613	520	40
614	47	38
614	125	80
614	331	99
614	367	46
614	375	84
614	489	76
615	32	24
615	202	27
615	271	88
615	339	26
615	588	87
616	30	59
616	32	18
616	473	21
616	505	96
616	520	13
616	610	53
617	42	84
617	48	86
617	88	17
617	95	96
617	233	80
618	36	98
618	97	68
618	123	54
618	249	69
618	375	74
618	408	21
618	495	100
619	24	19
619	187	85
619	278	59
619	293	100
619	441	86
619	618	77
620	89	44
620	336	90
620	348	28
620	390	23
620	507	33
620	529	55
621	51	78
621	119	67
621	185	67
621	186	12
621	244	45
621	341	43
621	409	72
621	535	66
622	201	87
622	405	19
622	456	42
622	606	20
623	58	73
623	96	15
623	105	80
623	202	97
623	316	67
623	603	63
624	14	92
624	167	46
624	430	17
624	461	93
625	230	60
625	234	82
625	349	70
625	555	18
