1	237	78
1	658	51
1	663	98
1	881	47
2	216	76
2	399	66
2	414	85
2	443	43
2	651	96
2	692	51
3	77	85
3	488	40
3	661	73
3	662	82
3	721	90
3	896	35
4	54	33
4	228	56
4	397	53
4	615	21
4	654	69
4	728	76
4	825	38
5	88	91
5	91	94
5	381	22
5	440	61
5	572	48
5	606	69
5	638	23
5	881	78
5	889	92
6	668	17
6	771	86
6	833	32
7	33	61
7	352	34
7	381	64
7	738	18
8	251	66
8	299	32
8	510	57
8	590	35
8	591	82
8	792	93
9	23	55
9	301	38
9	330	11
9	416	79
9	435	35
9	453	88
9	466	47
9	578	26
9	709	75
10	67	86
10	263	50
10	447	31
10	462	73
10	632	65
10	648	42
10	698	85
10	704	37
10	870	19
11	38	63
11	252	38
11	272	57
11	393	15
11	586	29
11	801	39
12	31	77
12	363	58
12	370	33
12	374	100
12	401	68
12	519	74
12	659	98
12	693	56
12	787	23
12	850	99
12	856	22
13	74	54
13	95	27
13	305	98
13	437	26
13	452	28
13	522	79
13	625	56
13	669	89
14	73	53
14	107	87
14	320	94
14	542	26
14	617	70
14	878	94
15	68	67
15	128	74
15	193	73
15	355	39
15	451	34
15	523	58
15	525	37
15	792	66
15	870	42
16	292	91
16	704	29
17	233	93
17	258	17
17	829	73
17	860	33
17	886	58
18	207	73
18	405	26
18	509	12
18	807	94
19	92	39
19	126	55
19	717	26
19	752	89
19	820	100
20	155	95
20	301	12
20	573	42
20	647	69
20	671	28
20	788	39
21	77	54
21	202	99
21	292	32
21	538	90
21	609	76
21	733	21
22	40	98
22	297	45
23	82	64
23	115	77
23	282	40
23	327	79
23	483	48
23	671	79
23	697	95
23	837	93
24	6	41
24	7	64
24	29	60
24	294	23
24	296	41
24	327	72
24	399	32
24	454	69
24	627	96
25	2	87
25	162	85
25	298	79
25	395	84
25	726	39
25	834	14
26	419	97
26	461	58
26	845	69
27	114	87
27	222	55
27	680	82
27	785	93
28	77	35
28	215	41
28	452	76
28	603	85
28	639	59
28	776	97
29	72	92
29	106	99
29	114	50
29	300	41
29	394	15
29	504	17
29	511	48
29	563	31
29	738	38
30	144	77
30	338	94
31	80	25
31	287	25
31	320	75
31	341	95
31	348	66
31	531	92
31	583	64
31	664	96
31	687	15
32	40	38
32	267	87
32	505	88
32	836	60
33	234	65
33	246	52
33	333	58
33	535	15
34	209	58
34	221	91
34	536	47
34	657	58
34	712	73
35	27	81
35	50	14
35	79	31
35	109	35
35	224	58
35	439	63
35	452	66
35	605	27
35	830	86
36	388	63
36	530	71
36	598	63
36	652	24
36	753	30
36	843	28
36	849	58
37	67	100
37	455	46
37	461	55
37	715	39
37	791	100
37	827	66
38	11	68
38	25	28
38	105	67
38	109	44
38	174	26
38	198	96
38	498	15
38	791	22
39	81	89
39	123	97
39	229	44
39	298	71
39	409	48
39	416	15
39	598	83
39	627	30
39	870	41
40	101	43
40	344	30
40	682	60
40	695	60
40	767	28
41	11	73
41	83	81
41	97	70
41	320	41
41	331	65
41	466	22
41	473	33
41	674	72
41	734	13
41	900	69
42	103	64
42	118	40
42	188	11
42	229	18
42	317	71
42	487	97
42	558	24
42	719	45
42	787	73
42	870	22
43	652	36
43	653	92
43	661	96
43	868	11
44	55	91
44	260	72
44	289	98
44	353	15
44	430	100
44	480	78
44	487	57
45	182	64
45	309	93
45	336	13
45	760	16
45	792	24
45	817	69
46	136	60
46	239	25
46	279	81
46	280	30
46	668	56
47	44	18
47	98	70
47	134	91
47	596	19
47	716	37
48	29	91
48	168	43
48	222	99
48	224	18
48	236	49
48	391	93
48	627	17
48	839	96
49	273	80
49	279	71
49	398	19
49	545	90
49	621	45
49	862	87
50	706	67
51	188	38
51	279	87
51	302	12
51	339	18
51	446	31
51	540	38
51	558	62
51	604	76
51	681	47
51	769	52
51	781	29
51	797	93
51	841	59
52	86	25
52	366	46
52	483	99
52	627	76
52	780	36
52	841	96
53	198	98
53	481	54
53	509	71
54	119	69
54	164	59
54	499	61
54	542	21
54	573	73
54	803	43
54	834	74
55	43	28
55	71	94
55	123	11
55	143	35
55	310	41
55	357	22
55	438	79
55	510	23
55	521	77
55	574	13
55	673	34
55	728	96
55	865	71
56	150	14
56	411	41
56	624	46
56	644	69
57	38	45
57	286	47
57	331	11
57	387	60
57	596	26
57	756	51
58	24	45
58	157	74
58	272	32
58	291	62
58	340	79
58	535	29
58	604	98
58	671	23
58	778	81
59	257	33
59	429	53
59	636	82
59	653	48
59	761	93
59	862	27
60	41	64
60	47	24
60	196	97
60	477	41
60	582	84
60	621	49
60	775	42
60	824	54
60	851	86
61	47	52
61	68	99
61	120	93
61	138	61
61	200	70
61	218	95
61	326	36
62	196	31
62	262	57
62	368	79
62	387	25
62	393	86
62	726	50
63	56	91
63	439	35
63	589	77
63	732	37
63	808	20
64	143	89
64	234	62
64	348	25
64	475	98
64	658	53
64	723	87
64	776	75
64	797	71
64	833	45
64	839	26
64	864	33
65	118	74
65	153	22
65	197	11
65	200	66
65	276	17
65	675	42
65	682	58
66	351	15
66	571	52
66	606	83
66	610	49
66	656	26
66	793	79
66	839	33
67	169	57
67	308	24
67	506	85
67	532	57
67	554	35
67	557	92
67	604	94
67	696	19
67	783	31
68	333	32
68	354	37
68	642	19
68	656	45
68	700	74
68	731	40
69	745	26
69	815	48
70	38	36
70	279	84
70	324	47
70	373	94
70	398	72
70	408	82
70	429	34
70	554	32
70	629	64
70	854	86
70	859	38
71	112	51
71	130	41
71	415	11
71	554	29
71	557	16
71	759	31
72	201	45
72	346	53
72	473	56
72	514	63
73	41	76
73	102	35
73	202	21
73	302	51
73	493	97
73	650	68
73	764	97
73	808	58
73	825	17
74	32	47
74	211	54
74	308	79
74	347	54
74	504	60
74	671	11
74	772	67
74	793	12
74	815	54
74	886	30
74	889	67
74	893	70
75	49	24
75	429	35
75	506	11
75	767	77
76	32	96
76	196	81
76	375	11
76	669	32
76	748	20
76	765	89
76	821	91
77	96	52
77	215	36
77	339	45
77	361	24
77	579	41
77	662	21
77	703	90
77	795	22
77	818	57
77	834	53
77	855	63
78	17	17
78	58	13
78	201	30
78	598	27
78	796	90
79	21	87
79	106	36
79	306	66
79	643	42
79	854	28
79	865	47
80	65	99
80	247	74
80	347	13
80	443	47
80	669	76
80	702	63
80	826	19
81	161	27
81	230	43
81	260	80
81	503	31
81	647	87
81	693	74
81	734	25
81	849	61
82	22	34
82	161	11
82	165	24
82	413	12
82	429	62
82	508	54
82	586	74
82	895	41
83	47	17
83	123	61
83	299	17
83	373	78
83	482	89
83	511	47
83	581	60
83	635	63
83	707	17
83	735	54
84	33	19
84	118	53
84	211	70
84	756	36
84	855	96
85	117	18
85	180	38
85	319	35
85	845	64
86	18	24
86	51	14
86	304	57
86	485	70
86	742	20
86	852	40
87	292	20
87	320	90
87	337	16
87	397	38
87	443	16
87	517	38
87	613	13
87	859	84
88	178	33
88	266	25
88	336	42
88	414	47
88	444	83
88	552	92
88	673	73
88	713	59
88	731	92
88	828	98
89	58	77
89	132	44
89	331	21
89	362	19
89	394	22
89	708	66
89	715	33
89	741	45
90	9	26
90	30	49
90	45	37
90	77	61
90	91	70
90	426	56
90	511	37
90	575	51
90	676	65
90	700	100
90	767	77
90	829	88
90	833	68
91	58	81
91	370	73
91	481	27
91	684	74
91	881	87
92	352	98
92	364	22
92	495	44
93	227	47
94	88	23
94	164	69
94	381	13
95	31	49
95	299	34
95	723	17
95	806	55
95	898	28
96	269	37
96	277	51
96	317	23
96	459	32
96	596	40
96	656	38
96	738	44
97	575	22
97	621	75
98	340	38
98	422	33
98	652	65
98	737	35
98	740	85
98	751	66
99	100	76
99	550	87
99	602	16
99	618	11
99	630	31
99	788	54
99	845	15
99	857	55
100	12	40
100	92	35
100	236	44
100	245	53
100	465	72
101	740	55
101	851	93
101	884	28
102	15	93
102	286	77
102	391	22
102	437	11
102	593	12
102	833	13
102	883	96
103	59	35
103	188	33
103	244	63
103	311	59
103	509	49
103	743	75
103	758	13
103	760	14
103	871	26
104	66	24
104	273	93
104	610	92
104	665	96
104	848	28
104	874	76
105	161	21
105	207	71
105	385	79
105	741	39
105	853	54
106	40	31
106	82	68
106	91	49
106	179	59
106	276	56
106	314	91
106	356	40
106	502	76
106	667	27
106	824	59
106	893	63
107	61	76
107	140	83
107	158	15
107	169	50
107	310	94
107	547	83
107	714	40
108	69	97
108	178	96
108	180	11
108	260	85
108	282	72
108	487	83
108	496	78
109	45	11
109	58	95
109	208	21
109	278	50
109	517	25
109	589	68
109	831	71
109	863	72
110	311	35
110	368	52
110	609	99
110	624	63
110	659	63
110	691	16
110	694	17
110	715	66
110	886	87
111	23	44
111	42	75
111	137	38
111	215	40
111	350	26
111	368	87
111	416	12
111	569	51
111	867	24
112	26	44
112	109	52
112	154	63
112	678	29
112	753	23
113	120	58
113	288	98
113	394	91
113	416	34
113	620	70
113	654	98
113	682	67
113	701	20
113	805	37
113	809	78
113	817	22
113	863	55
114	29	83
114	53	68
114	229	41
114	643	18
114	831	65
115	26	26
115	227	14
115	403	14
115	440	83
115	697	87
115	828	47
115	844	83
116	98	82
116	167	30
116	286	51
116	320	81
116	378	80
116	461	44
116	721	23
116	894	55
117	60	100
117	374	58
117	487	95
117	614	50
117	679	99
117	731	79
118	95	20
118	221	92
118	339	35
118	350	98
118	359	95
118	641	31
118	855	23
119	50	62
119	183	75
119	374	38
119	772	20
119	837	63
120	55	44
120	326	90
120	342	15
120	431	54
120	705	18
120	802	86
120	850	48
120	880	87
121	330	18
121	463	51
121	895	71
121	900	57
122	19	67
122	68	81
122	146	61
122	500	70
122	510	28
122	518	93
122	606	83
122	666	85
122	836	28
122	864	77
123	268	18
123	295	11
123	717	72
123	837	54
124	95	97
124	111	57
124	149	26
124	269	87
124	277	19
124	507	84
124	552	34
124	564	30
124	762	98
124	764	96
125	70	18
125	264	42
125	611	67
125	636	85
126	301	31
126	350	91
126	507	43
126	514	13
127	11	27
127	51	19
127	263	70
127	288	44
127	495	14
127	667	38
127	724	43
128	248	71
128	332	55
128	582	55
128	587	94
128	606	32
128	612	47
128	729	64
128	730	97
128	737	98
129	50	30
129	64	89
129	174	45
129	511	27
129	523	36
129	644	88
130	119	72
130	289	43
130	326	95
130	365	97
130	380	51
130	526	85
130	546	70
130	555	81
130	759	50
130	772	42
131	209	13
131	245	46
131	439	82
131	647	99
132	116	68
132	251	73
132	266	58
132	337	78
132	401	96
132	608	64
132	625	93
132	787	30
133	192	52
133	518	80
133	558	69
133	574	99
133	595	64
133	627	77
133	649	65
133	711	79
133	899	62
134	253	29
134	341	23
134	670	44
134	683	88
134	702	59
135	205	64
135	246	56
135	257	93
135	358	41
135	523	40
135	544	15
135	782	53
135	843	42
135	852	61
135	866	37
135	896	95
136	84	67
136	86	74
136	135	41
136	257	33
136	357	16
136	369	90
136	425	50
136	524	50
136	632	20
137	20	12
137	44	53
137	128	44
137	139	11
137	366	59
137	471	23
137	568	73
137	582	82
137	621	14
137	699	78
137	775	44
138	44	84
138	304	54
138	437	72
138	490	75
138	503	46
138	574	97
138	643	20
138	682	48
138	747	85
138	769	54
138	856	68
139	72	80
139	100	49
139	184	52
139	199	58
139	213	86
139	262	50
139	852	85
140	176	85
140	213	37
140	346	87
140	425	72
140	456	38
140	563	43
140	757	40
140	779	57
140	883	57
140	892	70
141	14	68
141	15	95
141	585	43
141	621	100
141	729	42
141	833	70
141	867	12
142	144	45
142	151	95
142	160	30
142	274	72
142	340	69
142	392	95
142	424	41
142	662	65
142	892	73
143	84	16
143	454	60
143	492	43
143	719	12
143	760	82
143	815	62
144	243	72
144	246	86
144	344	38
144	592	43
144	684	47
144	715	58
144	752	88
145	11	33
145	377	57
145	436	73
145	477	18
145	583	70
145	623	57
145	708	54
145	742	15
145	872	61
145	876	78
146	377	56
146	430	96
146	432	19
146	462	26
146	478	85
146	823	50
147	29	98
147	73	71
147	252	46
147	269	56
147	442	97
147	492	21
147	532	48
148	81	44
148	95	37
148	191	61
148	204	88
148	208	25
148	330	98
148	386	39
148	500	82
148	556	77
148	703	11
148	729	61
148	772	49
149	19	47
149	303	76
149	381	47
149	485	90
149	515	90
149	552	27
149	758	59
150	130	14
150	244	66
150	263	40
150	421	43
150	485	15
150	526	30
150	589	76
150	822	71
151	55	80
151	89	65
151	137	42
151	142	79
151	143	94
151	302	39
151	331	24
151	420	43
151	442	55
151	533	27
152	202	20
152	261	55
152	299	69
152	329	71
152	383	51
152	608	40
152	825	85
153	37	32
153	85	48
153	237	95
153	379	46
153	490	85
153	596	51
153	667	59
153	765	20
154	52	58
154	238	94
154	580	88
154	731	64
154	829	23
155	79	78
155	382	59
156	118	31
156	147	93
156	221	71
156	498	60
156	684	14
156	881	47
157	47	33
157	87	24
157	198	79
157	218	84
157	340	38
157	634	42
157	683	36
157	819	38
158	35	14
158	96	36
158	478	98
158	696	91
158	775	33
159	116	62
159	131	15
159	299	70
159	304	67
159	515	89
159	683	26
160	20	22
160	174	98
160	350	60
160	471	64
160	538	44
160	860	69
160	899	34
161	192	13
161	425	31
161	513	86
161	600	70
162	64	27
162	135	49
162	189	99
162	198	83
162	202	90
162	336	32
162	409	73
162	544	14
162	575	45
162	644	27
162	810	36
163	82	32
163	178	25
163	258	36
163	270	32
163	734	78
163	813	41
163	870	91
164	13	57
164	56	54
164	131	26
164	133	15
164	256	100
164	294	39
164	376	90
164	386	23
164	401	81
164	498	37
165	81	85
165	150	98
165	152	72
165	177	64
165	287	49
165	421	27
165	532	19
165	712	17
166	60	100
166	232	80
166	529	88
166	611	74
167	76	56
167	270	88
167	556	29
167	611	36
167	740	77
167	769	21
168	626	27
168	694	37
169	48	87
169	53	47
169	362	48
169	373	13
169	730	53
169	754	19
169	821	60
169	823	53
169	848	26
170	9	95
170	13	98
170	67	69
170	301	76
170	411	48
170	636	71
170	642	25
170	700	43
171	1	38
171	318	81
171	362	13
171	709	91
171	790	85
172	26	56
172	70	77
172	266	52
172	650	57
172	662	18
172	888	58
173	150	56
173	229	87
173	244	46
173	306	82
173	380	15
173	389	46
173	575	89
174	301	86
174	388	41
174	399	82
174	864	18
175	24	94
175	509	21
175	536	36
175	740	81
175	771	73
175	800	65
175	832	38
175	837	85
175	882	11
176	396	100
176	657	81
176	779	26
177	11	72
177	125	77
177	589	46
177	836	30
178	11	25
178	46	65
178	72	58
178	383	88
178	627	23
178	845	67
178	898	62
179	112	90
179	136	55
179	192	82
179	211	32
179	443	67
179	525	56
179	581	99
179	787	83
179	803	41
179	840	79
179	873	65
180	321	92
180	326	65
180	369	28
180	797	97
181	202	24
181	245	77
181	251	25
181	383	19
181	479	44
181	548	84
181	593	43
181	741	89
181	799	38
182	10	42
182	89	75
182	150	38
182	176	41
182	252	80
182	495	14
182	642	64
182	713	77
182	723	65
182	768	20
182	784	19
183	8	31
183	59	93
183	117	90
183	181	33
183	273	92
183	319	16
183	358	30
183	422	31
183	536	49
183	625	22
183	886	19
184	86	48
184	233	42
184	281	28
184	396	62
184	541	92
184	559	94
184	747	57
184	789	37
184	805	92
184	808	22
184	848	92
185	249	70
185	267	83
185	317	35
185	557	30
185	576	38
186	256	41
186	321	36
186	346	48
186	361	36
186	678	34
186	877	87
187	73	26
187	127	60
187	177	60
187	216	25
187	362	34
187	412	78
187	821	96
187	835	66
188	294	39
188	401	49
188	608	76
188	799	16
189	210	16
189	367	55
189	403	60
189	435	52
189	625	47
189	872	72
190	57	21
190	128	24
190	247	11
190	275	85
190	317	46
190	346	65
191	40	53
191	94	53
191	264	56
191	453	33
191	525	84
191	557	43
191	701	63
191	865	60
192	210	54
192	281	60
192	298	44
192	447	58
192	596	76
193	105	46
193	134	34
193	388	66
193	639	84
194	117	50
194	126	45
194	236	39
194	250	41
194	490	89
194	577	62
194	689	77
194	785	27
194	840	18
195	137	41
195	255	87
195	380	47
195	454	97
195	483	57
195	756	69
196	121	99
196	213	76
196	277	90
196	328	28
196	477	53
196	491	40
196	606	48
197	2	38
197	46	39
197	127	46
197	194	28
197	223	53
197	242	24
197	249	46
197	492	21
197	683	26
197	843	27
197	847	94
198	173	27
198	182	26
198	288	39
198	377	65
198	480	91
198	523	56
198	637	29
198	655	32
198	656	50
198	799	72
198	885	36
199	145	43
199	153	19
199	221	18
199	375	59
199	407	41
199	607	83
199	840	50
200	95	35
200	548	47
200	594	38
201	401	39
201	711	55
201	719	96
202	137	33
202	152	52
202	374	60
202	463	35
202	464	15
203	151	37
203	167	50
203	204	79
203	479	69
203	526	64
203	682	90
203	778	15
204	86	15
204	184	57
204	223	74
204	467	25
204	481	20
204	501	70
204	504	57
204	605	38
204	661	83
204	684	72
204	704	83
205	74	37
205	141	43
205	444	85
205	552	47
206	454	85
206	533	63
206	577	47
206	580	26
206	581	31
206	722	77
207	192	30
207	268	78
207	276	30
207	346	67
207	388	60
207	435	98
207	638	11
207	660	12
207	857	41
208	85	98
208	91	87
208	261	79
208	521	42
208	523	19
208	588	44
208	607	74
208	608	72
208	658	93
208	712	61
209	225	49
209	240	63
209	308	37
209	411	85
209	515	82
209	621	20
209	886	18
209	889	53
210	16	56
210	159	52
210	223	75
210	518	24
210	548	67
210	616	64
210	681	97
211	113	100
211	645	96
211	679	75
211	805	25
211	882	50
212	61	65
212	554	45
213	63	70
213	230	70
213	377	77
213	411	94
213	500	80
213	673	12
213	735	81
213	758	84
214	53	48
214	485	67
215	57	91
215	343	87
215	388	25
215	557	24
215	606	18
215	651	15
216	332	82
216	460	38
216	574	26
216	712	46
216	800	31
216	854	44
217	28	64
217	129	13
217	265	58
217	499	98
217	617	71
218	215	90
218	266	20
218	338	37
218	506	45
218	560	37
218	569	11
218	603	92
219	33	79
219	43	58
219	69	13
219	204	97
219	216	14
219	558	46
219	562	14
219	567	22
219	805	60
219	890	69
219	897	88
220	90	53
220	199	62
220	392	60
220	853	56
221	299	57
221	362	40
221	653	67
221	844	27
222	4	42
222	109	81
222	116	63
222	249	65
222	336	89
222	507	90
222	732	27
222	895	25
223	145	34
223	697	14
223	871	91
224	257	94
224	493	24
224	503	35
224	511	14
224	563	45
224	601	99
224	686	33
225	85	52
225	104	83
225	339	56
225	566	68
225	639	70
225	841	35
226	13	69
226	16	68
226	20	71
226	159	56
226	250	18
226	442	68
226	461	57
226	492	48
226	553	68
226	580	25
226	659	72
226	816	33
226	900	93
227	290	55
227	715	99
227	763	11
228	189	24
228	311	93
228	384	36
228	487	31
228	568	28
228	887	83
229	117	35
229	203	89
229	432	15
229	766	22
230	112	61
230	338	48
230	340	72
230	359	37
230	365	79
230	478	38
230	519	77
230	595	14
230	611	81
230	646	67
230	648	97
230	741	24
231	33	40
231	85	42
231	444	34
231	518	69
231	652	64
231	663	61
231	812	38
231	871	17
232	279	15
232	348	19
232	405	70
232	420	33
232	468	31
233	269	89
233	342	55
233	386	63
233	752	62
233	848	56
234	227	37
234	245	27
234	259	60
234	437	55
234	490	87
234	632	97
234	638	90
234	672	25
234	900	33
235	26	68
235	360	82
235	500	85
235	533	11
235	729	44
235	756	21
236	246	96
236	650	71
236	688	65
236	770	89
237	64	34
237	145	22
237	197	44
237	202	67
237	265	39
237	287	56
237	586	67
238	27	26
238	72	37
238	181	16
238	328	11
238	533	74
238	581	85
238	642	28
238	657	71
238	717	67
238	829	35
239	238	97
239	319	67
239	349	59
239	363	87
239	466	48
240	2	37
240	107	70
240	437	100
240	679	69
241	9	12
241	56	72
241	624	22
241	643	24
241	715	14
242	135	67
242	170	21
242	175	63
242	184	55
242	226	27
242	514	36
242	542	83
242	605	18
242	840	82
243	367	37
243	469	71
243	534	26
243	869	86
243	870	49
243	890	46
244	17	52
244	95	34
244	109	35
244	252	58
244	260	45
244	274	17
244	341	28
244	407	41
244	416	81
244	594	37
244	729	67
244	821	85
245	5	22
245	162	97
245	334	74
245	360	90
245	551	16
246	458	65
246	624	41
246	724	24
246	726	40
246	811	94
247	13	26
247	51	14
247	140	11
247	524	20
247	571	81
247	615	27
247	731	57
247	837	26
247	848	72
247	852	11
247	853	67
248	106	78
248	213	76
248	340	75
248	493	21
248	623	68
248	739	22
249	187	15
249	456	38
249	585	13
249	640	70
249	738	33
249	771	65
249	780	77
250	95	31
250	563	43
250	688	73
251	94	38
251	157	27
251	311	38
251	620	37
251	656	32
251	792	14
252	198	60
252	325	87
252	333	73
252	384	36
252	409	33
252	442	84
252	552	93
252	681	26
252	870	25
253	11	17
253	213	53
253	215	12
253	284	51
254	43	12
254	420	30
254	421	75
254	780	73
255	120	40
255	282	89
255	449	59
255	552	22
255	609	32
255	655	23
255	659	26
255	674	57
255	807	50
256	7	66
256	129	58
256	250	53
256	289	26
256	302	47
256	476	78
256	847	30
256	854	56
257	30	16
257	191	73
257	339	39
257	549	64
258	318	38
258	442	22
258	503	28
258	580	11
258	653	50
258	666	93
259	111	87
259	270	74
259	315	70
259	415	83
259	453	63
259	571	35
259	637	98
259	883	66
260	131	34
260	228	87
260	310	40
260	323	54
260	377	95
260	524	72
260	821	77
261	59	61
261	102	35
261	280	48
261	299	45
261	389	63
261	456	58
261	681	59
262	147	33
262	155	23
262	231	54
262	270	76
262	302	80
262	344	86
262	398	27
262	493	81
262	602	86
262	744	13
262	773	88
262	868	27
263	170	57
263	419	13
263	451	71
263	515	93
263	625	37
264	78	12
264	251	73
264	364	87
264	476	61
264	646	50
264	669	72
264	823	55
264	837	89
264	873	19
265	7	51
265	29	42
265	31	100
265	86	92
265	280	93
265	388	89
265	566	66
265	890	25
266	176	98
266	313	52
266	481	36
266	541	16
266	615	88
266	731	22
267	325	11
267	490	85
267	862	63
268	135	23
268	149	94
268	217	28
268	367	99
268	400	81
268	619	63
268	895	45
269	341	69
269	517	93
269	524	43
269	651	51
269	690	75
269	719	74
269	810	54
269	855	79
270	159	13
270	228	41
270	394	74
270	480	89
270	503	33
270	521	87
270	529	24
271	32	29
271	91	46
271	179	79
271	398	14
271	415	49
271	774	57
271	811	76
271	823	29
271	869	62
272	61	44
272	153	91
272	318	48
272	345	24
272	455	88
272	645	66
273	61	70
273	142	87
273	347	64
273	467	68
273	773	89
273	808	17
273	899	85
274	4	63
274	59	26
274	193	44
274	258	13
274	285	50
274	334	46
274	694	100
274	738	64
274	828	34
275	34	27
275	37	15
275	93	32
275	103	69
275	220	95
275	264	23
275	341	88
275	393	41
275	476	12
275	776	55
276	145	76
276	244	23
276	258	79
276	540	97
276	554	79
276	571	21
276	864	82
276	879	80
277	91	87
277	263	29
277	264	77
277	320	99
277	354	46
277	398	35
277	722	44
277	790	59
277	858	26
277	865	45
278	60	96
278	72	75
278	124	31
278	203	11
278	452	40
278	511	17
279	51	77
279	109	67
279	157	49
279	181	27
279	297	48
279	574	81
279	726	51
279	750	43
279	794	64
280	7	89
280	574	53
280	633	66
280	692	82
280	771	94
281	271	70
281	604	43
281	716	81
281	721	71
281	841	87
282	279	83
282	444	63
282	477	54
282	640	22
282	679	24
282	720	37
283	49	74
283	82	96
283	286	56
283	466	66
283	737	19
284	18	90
284	201	96
284	254	26
284	262	47
284	676	69
284	791	89
284	828	58
285	345	18
285	368	20
285	757	51
285	834	96
286	299	16
286	335	22
286	484	38
286	793	66
286	796	100
287	91	12
287	403	68
287	810	35
288	61	34
288	120	29
288	304	16
288	490	67
288	620	37
289	79	62
289	114	61
289	250	78
289	458	74
289	520	67
289	537	83
289	617	42
289	843	56
289	879	35
290	305	19
290	343	66
290	423	41
290	738	94
290	768	76
290	805	93
290	864	22
290	900	86
291	90	14
291	166	38
291	193	86
291	197	50
291	402	73
291	770	89
291	806	59
291	816	33
292	346	31
292	384	63
292	621	40
293	423	30
293	590	81
293	666	17
293	710	39
293	773	66
293	805	34
294	26	33
294	41	51
294	67	39
294	84	18
294	164	18
294	374	100
294	798	95
294	855	57
295	244	84
295	579	81
295	608	27
295	659	57
295	724	90
295	859	94
296	16	34
296	144	96
296	182	19
296	194	81
296	369	92
296	377	40
296	387	97
296	417	99
296	485	99
297	88	79
297	160	98
297	235	81
297	419	46
297	453	22
297	590	74
297	741	49
297	835	98
297	842	51
298	332	79
298	350	24
298	424	93
298	456	49
298	533	35
298	582	99
299	180	55
299	411	84
299	525	80
299	539	68
299	598	21
299	724	43
300	15	95
300	44	60
300	139	21
300	260	20
300	376	55
300	407	88
300	610	65
300	774	41
300	876	81
301	175	80
301	309	36
301	412	37
301	836	36
302	127	99
302	171	41
302	253	46
302	447	57
302	495	74
302	514	24
302	518	38
302	596	58
302	616	40
303	7	50
303	110	41
303	401	71
303	418	42
303	898	54
304	64	31
304	100	17
304	229	99
304	268	78
304	524	54
304	528	49
304	767	60
305	35	68
305	39	52
305	395	70
305	804	53
306	157	54
306	331	20
306	498	24
306	583	23
306	596	80
306	897	35
307	2	25
307	136	36
307	154	21
307	157	79
307	337	85
307	590	75
307	737	60
307	848	63
308	8	32
308	43	39
308	190	98
308	284	28
308	539	71
308	733	55
308	795	66
308	807	45
308	897	63
309	176	99
309	280	97
309	475	79
309	582	52
309	597	69
309	717	82
309	822	12
309	858	63
310	206	45
310	314	41
310	333	29
310	403	78
310	589	69
310	836	62
311	14	59
311	170	16
311	198	59
311	222	22
311	449	30
311	585	30
311	673	99
311	753	64
311	831	86
312	27	35
312	63	47
312	524	48
312	871	67
312	875	94
313	50	75
313	243	51
313	349	90
313	368	53
313	569	15
313	627	81
313	731	16
313	793	66
313	822	51
313	847	25
313	890	24
313	899	58
314	81	64
314	173	87
314	222	13
314	237	11
314	393	84
314	521	14
314	706	31
314	753	17
314	882	35
315	225	63
315	371	75
315	467	50
315	566	17
315	715	73
316	10	55
316	151	31
316	356	69
316	609	43
316	656	59
316	792	46
317	17	53
317	309	20
317	886	39
318	42	44
318	140	78
318	236	84
318	238	63
318	442	11
319	116	51
319	207	50
319	426	66
319	719	39
320	63	59
320	78	85
320	137	96
320	163	40
320	240	78
320	255	48
320	341	72
320	377	36
320	411	82
320	547	84
320	688	39
320	690	97
320	822	91
321	140	72
321	218	27
321	521	64
321	531	71
321	540	17
321	622	45
321	741	11
322	214	48
322	314	90
322	567	35
322	574	86
322	750	28
322	776	97
322	826	84
322	850	64
323	171	28
323	292	39
323	350	24
323	366	40
323	503	50
323	686	21
323	719	88
323	780	94
324	268	65
324	353	82
324	452	33
324	458	15
324	466	15
324	471	15
324	503	86
324	527	17
324	554	97
324	742	21
324	799	72
325	120	92
325	140	64
325	335	24
325	571	45
326	54	80
326	605	17
326	812	85
326	866	88
326	876	96
327	101	17
327	115	90
327	240	11
327	431	12
327	465	98
327	499	42
327	634	58
327	658	85
327	752	19
327	851	44
328	124	77
328	183	47
328	211	19
328	343	88
328	356	90
328	378	51
328	444	95
328	592	80
328	628	56
328	843	61
329	124	42
329	381	40
329	665	70
329	674	99
330	99	15
330	423	98
330	540	57
330	597	92
330	625	19
330	853	82
331	173	48
331	187	14
331	419	42
331	467	34
331	646	56
331	700	32
331	837	73
331	897	38
332	58	47
332	186	80
332	224	80
332	357	45
332	388	14
332	639	95
332	708	82
332	799	77
332	815	61
333	56	15
333	272	38
333	371	33
333	430	40
333	627	82
333	665	24
333	673	71
333	760	27
333	778	66
333	801	61
333	864	35
334	116	76
334	126	74
334	147	78
334	341	30
334	483	24
334	573	72
334	608	26
334	620	70
335	49	22
335	69	20
335	413	99
335	615	79
335	667	18
335	690	54
335	711	81
335	873	16
336	129	14
336	180	70
336	657	43
337	177	78
337	261	37
337	389	47
337	409	31
337	452	43
337	727	20
338	135	28
338	294	95
338	448	26
338	537	98
338	847	92
338	877	17
338	887	13
339	194	28
339	206	27
339	247	16
339	248	90
339	260	49
339	275	11
339	348	96
339	419	21
339	493	55
339	573	35
339	728	89
339	743	50
339	790	50
340	456	52
340	459	85
340	489	22
340	537	50
340	877	50
341	149	90
341	425	72
341	458	53
341	637	30
342	113	83
342	197	88
342	729	12
342	740	89
343	19	80
343	249	65
343	286	90
343	290	72
343	709	48
343	748	78
343	800	61
343	801	31
344	392	82
344	415	31
344	494	92
344	697	93
345	5	36
345	129	48
345	398	59
345	431	58
345	489	82
345	554	80
345	702	30
346	184	96
346	331	37
346	364	44
346	411	85
346	518	56
346	692	69
346	744	88
346	860	72
347	154	52
347	204	83
347	503	99
347	542	22
347	547	45
347	605	64
347	616	29
347	787	90
348	163	73
348	448	84
348	549	47
348	580	72
348	673	97
348	679	100
349	58	42
349	92	54
349	444	63
349	490	57
349	703	65
349	844	66
349	881	91
350	28	19
350	51	29
350	67	79
350	239	88
350	522	92
350	646	80
351	235	14
351	250	27
351	475	53
351	479	53
351	589	69
351	641	65
351	683	57
351	743	38
352	99	92
352	217	61
352	497	94
352	582	19
352	596	35
352	662	36
352	783	89
352	813	75
352	839	74
353	53	20
353	127	53
353	194	45
353	236	44
353	249	66
353	570	72
353	573	24
353	690	51
354	26	11
354	272	18
354	326	53
354	352	41
354	483	28
354	552	37
354	670	79
354	797	73
355	93	14
355	163	52
355	189	17
355	219	83
355	299	51
355	564	85
356	42	39
356	335	54
356	540	84
356	783	25
356	787	52
356	792	24
357	9	96
357	363	81
357	385	58
357	555	70
357	568	92
357	636	73
357	725	69
357	738	68
358	246	44
358	318	58
358	322	93
358	497	43
359	109	41
359	477	43
359	534	16
359	612	98
359	633	88
360	11	75
360	92	83
360	121	22
360	150	29
360	299	91
360	344	99
360	407	83
360	493	86
360	524	70
360	548	36
360	895	76
361	48	65
361	130	74
361	420	39
361	463	65
361	473	19
361	865	62
361	888	44
362	61	73
362	91	84
362	335	66
362	349	21
362	426	53
362	628	93
362	763	34
362	824	83
363	162	81
363	212	85
363	244	63
363	259	58
363	744	76
363	785	63
363	840	28
364	31	48
364	128	11
364	138	28
364	173	42
364	264	68
364	280	67
364	308	33
364	411	27
364	474	39
364	504	55
364	593	69
364	638	21
364	835	57
365	47	34
365	208	45
365	290	22
365	355	93
365	525	99
365	614	19
365	791	48
365	795	96
366	56	39
366	197	34
366	241	15
366	249	57
366	565	38
366	567	26
366	602	96
366	673	85
366	689	89
367	341	80
367	490	31
367	518	54
367	667	98
367	672	32
367	796	22
367	813	50
367	860	69
368	195	41
368	344	24
368	377	38
368	447	31
368	590	29
368	700	32
369	17	64
369	170	94
369	194	12
369	455	70
369	581	70
369	892	98
370	111	17
370	491	80
370	671	52
370	700	23
370	874	35
371	295	18
371	401	87
371	542	42
372	46	47
372	140	20
372	171	59
372	401	67
372	583	94
373	449	47
373	723	30
373	774	22
373	795	94
373	881	88
374	50	84
374	79	76
374	126	76
374	296	74
374	342	97
374	477	63
374	614	49
374	642	28
374	702	42
374	801	43
375	163	77
375	331	99
375	415	50
375	419	47
375	437	67
375	479	80
375	484	61
375	621	65
375	761	32
375	798	36
376	107	95
376	418	47
376	421	46
376	809	74
377	3	46
377	65	43
377	103	19
377	227	18
377	277	56
377	380	27
377	615	68
377	678	11
378	89	23
378	621	72
378	642	70
378	766	78
379	29	13
379	243	26
379	299	95
379	452	58
379	592	39
379	714	33
379	728	70
380	251	79
380	409	49
380	567	25
380	626	44
380	753	68
380	799	97
381	235	39
381	242	79
381	367	100
381	688	93
381	714	84
382	3	62
382	31	78
382	120	72
382	155	80
382	389	71
382	448	20
382	706	22
382	885	35
383	106	89
383	234	48
383	248	72
383	249	21
383	276	89
383	384	49
383	459	89
383	501	61
384	64	11
384	84	30
384	164	16
384	173	61
384	559	35
384	804	80
384	873	21
385	410	44
385	470	74
385	511	75
385	739	76
385	752	57
386	92	56
386	689	74
386	876	56
387	140	25
387	232	24
387	473	87
387	552	36
387	673	20
387	696	82
387	726	62
387	793	44
387	865	25
388	147	97
388	293	46
388	446	40
388	539	84
389	212	74
389	475	99
389	631	84
389	697	18
389	869	66
390	40	96
390	52	99
390	212	68
390	378	27
390	876	83
390	877	45
390	899	43
391	66	20
391	256	19
391	516	32
391	604	36
391	718	38
391	721	39
391	759	31
391	848	32
392	63	64
392	67	11
392	246	72
392	370	15
392	371	100
392	409	94
392	455	23
392	730	72
392	868	95
393	53	45
393	74	70
393	415	76
393	618	92
393	696	39
394	614	61
394	658	41
395	234	78
395	262	31
395	329	84
395	417	13
395	572	78
396	59	62
396	155	64
396	211	46
396	228	32
396	326	83
396	642	69
396	795	30
396	833	85
396	873	60
397	137	40
397	387	88
397	438	11
397	611	45
397	618	84
397	635	78
397	656	40
397	768	11
397	784	57
397	795	13
397	897	53
398	13	36
398	162	28
398	193	59
398	217	16
398	397	31
398	539	42
398	579	31
398	880	93
399	88	97
399	115	76
399	197	11
399	215	99
399	220	46
399	269	33
399	370	15
399	372	92
399	439	54
399	554	59
399	631	22
400	43	21
400	112	19
400	130	57
400	167	12
400	634	30
400	820	72
402	41	48
402	75	83
402	165	37
402	427	96
402	604	46
402	732	62
403	249	19
403	431	17
403	489	86
403	627	14
403	723	92
403	830	51
403	847	20
404	170	11
404	293	70
404	305	96
404	422	53
404	716	77
404	723	21
404	771	78
404	863	11
405	20	87
405	84	69
405	273	70
405	832	48
406	286	27
406	408	54
406	642	40
406	749	18
407	16	53
407	167	80
408	21	28
408	69	59
408	112	60
408	462	17
408	503	98
408	562	84
408	598	61
408	739	63
408	818	89
408	886	56
409	103	80
409	172	93
409	429	58
409	539	55
409	573	82
409	590	41
410	40	57
410	159	52
410	250	23
410	409	92
410	698	36
411	23	87
411	224	65
411	393	58
411	474	53
411	585	83
411	730	90
411	745	83
411	784	59
411	858	43
412	7	38
412	157	36
412	321	57
412	429	24
412	457	56
412	718	53
412	738	98
412	804	45
413	99	74
413	128	53
413	170	65
413	525	17
413	733	83
414	139	56
414	549	98
414	744	12
415	65	90
415	134	100
415	210	80
415	216	35
415	387	42
415	482	12
415	517	62
415	525	11
416	2	68
416	222	45
416	417	82
416	708	72
416	821	71
416	850	64
416	895	69
417	155	29
417	215	47
417	302	87
417	374	86
417	494	26
417	600	81
417	608	65
417	672	71
418	107	50
418	131	85
418	267	96
418	729	55
418	853	97
418	868	14
419	74	55
419	191	27
419	356	27
419	687	100
419	843	56
419	888	32
420	38	96
420	153	25
420	313	63
420	510	94
420	607	74
421	58	40
421	457	54
421	782	16
422	277	88
422	384	22
422	612	89
422	629	43
422	727	86
422	789	29
422	846	68
423	109	99
423	341	79
423	697	98
424	279	36
424	407	41
424	433	13
424	654	49
424	766	27
424	790	70
425	190	34
425	231	34
425	610	53
426	40	24
426	57	62
426	68	54
426	110	50
426	253	72
426	327	25
426	437	52
426	517	68
426	822	35
426	824	15
426	879	92
426	880	100
427	105	46
427	137	54
427	214	82
428	180	39
428	253	73
428	284	67
428	342	99
428	644	78
428	733	97
428	805	34
428	837	73
429	110	91
429	229	27
429	281	74
429	435	91
429	451	68
429	477	97
429	685	78
430	52	19
430	321	12
430	322	28
430	453	75
430	627	87
430	726	46
430	812	27
431	181	80
431	525	31
431	768	59
431	840	76
432	183	47
432	378	69
432	635	68
432	835	49
433	60	83
433	63	20
433	222	82
433	621	64
433	685	87
433	771	11
433	789	47
434	335	79
434	548	89
434	551	26
434	651	42
434	754	15
435	40	88
435	45	13
435	55	99
435	304	69
435	358	89
435	409	38
435	476	92
435	580	95
436	637	29
436	678	38
437	27	19
437	43	63
437	243	62
437	351	70
437	529	30
437	558	25
437	627	11
438	135	80
438	150	82
438	171	12
438	356	43
438	364	84
438	679	48
438	828	67
438	878	28
439	48	34
439	270	12
439	326	21
439	386	70
439	498	19
439	502	88
439	507	29
439	651	79
440	279	18
440	401	47
440	562	15
440	595	77
440	601	65
440	684	45
440	685	26
440	689	55
441	1	38
441	11	15
441	506	11
441	549	94
441	688	24
441	852	68
442	306	19
442	307	33
442	504	67
442	723	31
442	846	19
442	897	13
443	116	68
443	248	35
443	266	27
443	688	86
443	841	42
444	247	46
444	441	95
444	626	11
444	867	97
445	256	73
445	469	42
445	788	51
446	39	90
446	114	96
446	178	49
446	218	84
446	227	98
446	342	79
446	440	29
446	709	84
446	740	13
446	889	46
447	92	11
447	98	48
447	182	87
447	220	79
447	540	87
447	872	12
448	71	85
448	139	26
448	145	38
448	340	75
448	707	12
448	771	36
449	167	83
449	345	20
449	398	69
449	751	100
449	866	57
450	50	63
450	208	70
450	299	75
450	336	41
450	495	22
451	227	37
451	315	46
451	344	20
451	392	15
452	136	81
452	328	51
452	639	32
452	665	36
452	859	96
452	876	38
453	96	13
453	125	22
453	135	52
453	523	49
453	541	51
453	810	96
454	72	38
454	138	43
454	259	86
454	290	24
454	425	99
454	491	38
454	494	82
454	545	21
454	619	20
454	630	26
454	711	81
454	718	98
454	846	18
454	896	88
455	259	70
455	399	40
455	565	43
455	571	85
455	615	38
455	816	78
456	307	49
456	372	47
456	392	76
456	691	34
456	724	11
456	787	31
456	801	30
456	867	69
456	892	43
457	50	39
457	68	59
457	97	66
457	137	86
457	403	12
457	469	67
457	525	48
458	148	55
458	170	16
458	309	69
458	407	45
458	529	33
458	722	13
458	740	16
458	748	99
458	756	81
459	68	80
459	340	21
459	354	14
459	362	33
459	429	89
459	724	96
460	314	73
460	364	32
460	552	43
460	625	73
461	2	97
461	79	53
461	193	35
461	200	99
461	278	94
461	502	39
461	504	94
461	582	48
461	884	98
462	248	44
462	345	42
462	411	74
462	660	90
462	679	23
462	713	95
462	775	87
462	823	54
463	113	44
463	583	30
463	863	75
464	223	53
464	289	69
464	518	33
464	607	75
464	617	21
464	805	46
464	811	63
464	861	24
465	44	13
465	240	55
465	518	92
465	778	30
466	30	53
466	120	82
466	126	73
466	137	58
466	438	86
466	442	47
466	728	58
467	135	15
467	188	91
467	508	38
467	607	70
467	673	82
467	701	57
468	120	30
468	342	55
468	587	80
469	175	59
469	642	58
469	721	47
469	831	85
470	32	76
470	317	36
470	340	75
470	536	75
470	644	42
470	654	73
470	818	18
471	97	91
471	609	59
471	621	31
471	754	88
472	275	55
472	518	41
472	669	15
472	705	98
473	330	36
473	613	43
474	51	76
474	403	88
474	517	64
474	564	47
474	756	68
474	799	16
474	843	94
475	77	96
475	410	82
475	463	86
475	723	30
476	91	78
476	561	24
476	665	82
476	685	91
477	32	53
477	64	95
477	266	69
477	574	57
477	605	79
477	877	11
478	195	97
478	298	96
478	471	41
478	694	77
478	851	71
478	862	51
479	260	84
479	513	93
479	649	52
479	751	87
480	193	54
480	307	24
480	317	80
480	361	84
480	385	37
480	525	41
480	648	16
480	686	73
480	802	63
480	817	96
480	894	53
480	895	98
481	108	76
481	341	91
481	349	54
481	603	92
482	26	89
482	238	79
482	239	47
482	451	20
482	454	21
482	550	94
482	574	95
482	582	100
482	702	75
482	748	81
482	767	85
483	11	67
483	517	71
483	704	17
484	190	29
484	209	47
484	595	88
484	783	12
485	128	84
485	414	59
485	446	15
485	546	20
485	801	40
486	222	31
486	251	34
486	682	87
486	702	74
486	875	93
487	464	98
487	540	84
487	559	12
487	667	23
487	706	41
487	803	41
487	850	53
488	344	67
489	146	65
489	338	41
489	417	27
489	506	65
489	663	72
490	88	98
490	278	33
490	287	31
490	293	63
490	362	59
490	446	68
490	894	28
491	8	51
491	131	26
491	261	70
491	364	41
491	441	70
491	486	53
491	596	53
491	757	76
492	702	100
493	41	14
493	229	91
493	423	25
493	482	38
493	552	93
494	65	52
494	93	64
494	313	59
494	525	32
494	553	89
495	26	70
495	77	25
495	138	55
495	221	97
495	231	74
495	294	52
495	439	27
495	888	17
496	44	82
496	67	38
496	68	22
496	74	31
496	413	47
496	553	73
496	594	46
497	130	72
497	237	67
497	353	33
498	171	61
498	194	82
498	319	52
498	385	61
498	750	68
499	95	73
499	159	64
499	197	44
499	237	19
499	283	39
499	443	62
499	495	12
499	536	31
499	701	60
499	777	15
500	80	29
500	135	71
500	294	94
500	454	28
500	870	76
500	876	81
501	10	54
501	40	71
501	62	13
501	339	87
501	385	27
501	559	89
501	774	55
501	900	23
502	161	37
502	168	46
502	356	25
502	610	71
502	727	83
502	734	34
502	744	62
502	880	79
503	43	95
503	171	30
503	336	81
503	579	72
503	595	22
503	659	74
503	776	74
503	782	37
503	812	13
504	84	17
504	363	63
504	456	11
504	763	33
504	769	48
504	833	65
504	854	17
504	896	72
505	59	28
505	336	81
505	590	39
505	852	85
505	885	23
506	366	15
506	417	50
507	92	27
507	177	25
507	223	18
507	375	71
507	589	94
507	683	63
507	702	93
507	728	86
508	11	59
508	172	61
508	283	69
508	480	63
508	658	15
508	668	25
508	692	64
508	868	93
509	58	79
509	123	60
509	133	56
509	281	40
509	680	14
509	684	99
509	866	12
510	105	84
510	273	52
510	677	80
510	824	50
511	261	42
511	275	27
511	434	81
511	551	51
511	705	92
511	759	19
511	773	24
511	845	58
512	13	40
512	37	98
512	308	99
512	331	31
512	450	22
512	457	68
512	488	34
512	722	40
512	783	74
512	786	52
513	411	87
513	524	71
513	643	27
513	690	42
513	743	56
513	825	19
513	886	27
514	480	65
514	486	27
514	488	57
514	567	47
514	658	42
515	78	57
515	81	57
515	299	60
515	409	59
515	410	22
515	483	43
515	638	54
515	818	53
515	835	50
516	48	13
516	141	66
516	172	56
516	469	41
516	865	20
517	191	99
517	266	20
517	718	38
518	73	96
518	155	60
518	232	100
518	322	69
518	439	43
518	618	93
518	722	18
518	760	57
519	28	24
519	87	49
519	119	22
519	201	51
519	210	15
519	226	46
519	444	86
519	521	23
520	21	66
520	43	28
520	49	14
520	67	81
520	135	67
520	542	72
520	846	73
521	280	31
521	412	62
521	452	77
521	567	16
521	682	85
521	781	79
521	808	27
522	151	34
522	177	95
522	223	67
522	235	43
522	252	100
522	324	42
522	581	89
523	8	11
523	58	42
523	203	72
523	219	69
523	251	14
523	344	69
523	429	96
523	602	67
523	823	85
523	837	29
523	849	27
524	206	65
524	473	76
524	480	95
524	696	46
524	761	72
524	861	52
525	88	48
525	135	91
525	136	52
525	190	74
525	336	82
525	346	32
525	413	36
525	671	81
525	850	33
526	305	39
526	530	46
526	583	29
526	803	42
527	311	59
527	462	22
527	622	97
527	760	48
528	379	65
528	393	41
528	685	82
528	789	31
528	807	45
528	829	76
528	867	76
528	884	98
529	360	50
529	451	70
529	542	99
529	549	58
529	874	26
529	879	59
530	9	49
530	120	29
530	333	82
530	340	79
530	541	47
530	671	30
530	694	22
530	735	11
531	82	81
531	822	73
532	33	65
532	306	40
532	307	43
532	404	86
532	430	46
532	448	72
532	451	98
533	112	41
533	138	75
533	250	82
533	361	29
533	404	27
533	603	23
534	10	90
534	687	20
534	735	76
534	823	44
534	827	80
535	45	18
535	346	76
535	565	36
535	590	32
535	639	85
535	654	51
535	693	73
535	783	26
535	863	37
536	38	97
536	298	20
536	512	29
536	678	23
536	682	16
536	796	12
536	801	96
536	872	53
536	900	93
537	94	60
537	156	68
537	280	62
537	889	13
538	109	17
538	272	42
538	318	53
538	520	64
538	668	13
539	9	90
539	96	86
539	130	52
539	148	96
539	498	49
539	503	88
539	579	64
539	860	54
540	481	86
540	656	45
540	720	64
540	736	27
541	348	15
541	360	30
541	472	53
541	477	43
541	572	38
542	143	50
542	302	92
542	573	60
543	241	54
543	277	85
543	466	39
543	532	11
543	667	27
543	679	12
543	769	90
544	6	24
544	82	67
544	440	27
544	496	14
544	627	74
544	866	54
545	108	99
545	110	51
545	212	73
545	282	21
545	416	76
546	38	100
546	238	20
546	447	41
546	482	66
546	528	45
546	600	19
547	93	41
547	307	60
547	430	75
547	557	99
547	781	52
547	822	26
548	4	79
548	103	59
548	163	26
548	528	13
548	658	77
548	758	21
548	775	38
548	785	14
548	826	46
549	86	69
549	246	46
549	328	63
549	338	21
549	388	50
549	391	94
549	502	84
549	684	64
549	735	72
549	781	70
550	244	87
550	257	81
550	318	42
550	357	41
550	831	90
550	885	19
551	132	58
551	251	11
551	852	75
552	127	76
552	320	40
552	439	79
552	636	29
552	638	73
552	681	54
552	706	79
553	9	93
553	434	29
553	477	71
553	669	11
553	755	55
553	818	44
553	887	46
554	79	69
554	419	91
554	579	41
554	696	97
554	779	97
555	16	66
555	17	78
555	36	80
555	202	38
555	232	23
555	251	56
555	699	80
555	839	11
555	860	48
556	190	34
556	353	62
556	368	33
556	705	23
556	872	27
557	303	77
557	440	92
557	651	42
557	664	88
557	684	14
557	784	71
558	87	43
558	206	32
558	207	100
558	246	64
558	258	85
558	424	96
558	482	55
558	490	36
558	517	28
558	539	86
558	640	95
558	645	72
558	701	69
559	531	82
559	723	74
559	750	90
559	826	51
560	114	42
560	288	84
560	370	75
560	668	51
560	765	98
560	813	28
561	75	100
561	107	70
561	196	49
561	205	92
561	245	60
561	336	96
561	462	95
561	620	31
561	638	56
561	787	59
562	90	41
562	142	86
562	162	19
562	181	81
562	352	35
562	379	39
562	496	41
562	552	20
562	676	86
562	705	35
562	737	31
563	1	92
563	45	42
563	59	16
563	70	36
563	107	78
563	143	64
563	244	100
563	255	71
563	276	50
563	613	22
563	783	15
564	152	49
564	402	18
564	403	76
564	497	19
564	531	16
564	662	91
564	697	79
564	719	18
564	770	57
564	832	87
565	57	43
565	222	72
565	334	32
565	444	84
565	461	46
566	247	70
566	476	19
566	507	83
566	679	30
566	823	74
567	98	41
567	286	86
567	452	90
567	485	62
567	609	16
567	676	62
567	683	72
567	830	44
567	869	98
568	73	100
568	272	29
568	520	29
568	553	95
568	556	92
568	635	19
568	805	17
569	10	27
569	81	91
569	106	61
569	213	53
569	243	42
569	430	64
569	595	46
569	713	73
569	764	48
569	844	35
570	208	33
570	233	55
570	790	68
571	161	100
571	369	73
571	485	80
571	654	47
571	668	90
571	785	24
572	18	89
572	369	77
572	477	78
572	692	72
572	709	84
572	712	56
572	742	42
572	775	94
573	51	34
573	156	40
573	376	92
573	502	42
573	715	16
573	757	82
573	806	88
574	6	59
574	252	44
574	332	72
574	590	37
575	57	55
575	169	36
575	231	95
575	406	17
575	597	46
575	602	21
575	678	14
575	680	72
575	799	76
575	866	29
576	50	11
576	152	27
576	503	82
576	574	98
576	601	53
576	607	14
576	616	60
576	693	37
576	819	11
576	833	100
577	25	35
577	495	32
577	639	40
577	871	48
578	55	50
578	227	83
578	230	26
578	254	25
578	422	87
578	637	75
578	642	98
578	743	84
578	841	32
579	191	74
579	208	88
579	475	65
580	107	68
580	211	26
580	297	43
580	420	63
580	557	45
580	606	86
581	91	99
581	249	25
581	352	65
581	362	97
581	701	14
582	148	27
582	150	51
582	189	13
582	209	100
582	388	99
582	735	92
582	770	23
582	896	39
583	92	21
583	203	55
583	264	74
583	332	99
583	367	50
583	630	11
583	900	83
584	3	84
584	321	51
584	420	88
584	502	79
584	719	24
584	789	81
585	150	100
585	173	23
585	223	65
585	294	13
586	18	97
586	323	68
586	338	94
586	471	64
586	547	27
586	619	37
586	676	54
586	779	39
587	77	93
587	87	79
587	94	81
587	247	33
587	474	93
587	475	22
588	124	60
588	148	79
588	331	43
588	375	49
588	488	64
588	590	100
588	739	17
588	785	49
588	854	49
589	113	50
589	268	59
589	625	40
589	696	78
590	110	79
590	116	49
590	219	100
590	220	66
590	257	52
590	317	70
590	397	44
590	783	90
590	882	64
591	603	63
591	865	62
592	127	66
592	371	54
592	386	46
592	408	51
592	468	57
592	475	43
592	494	97
592	503	98
592	756	75
592	824	84
592	851	78
592	892	98
593	25	22
593	480	16
593	744	36
594	42	43
594	141	36
594	229	96
594	252	99
594	520	48
594	615	18
595	65	75
595	83	34
595	155	36
595	308	78
595	352	76
595	412	89
595	491	100
596	216	76
596	254	34
596	337	90
596	534	34
596	660	65
596	730	21
596	735	62
597	83	98
597	184	72
597	684	42
597	736	67
597	839	18
598	343	14
598	505	93
599	62	52
599	279	90
599	412	51
599	738	24
599	792	76
599	806	76
600	99	74
600	222	96
600	246	80
600	248	83
600	284	65
600	515	94
600	691	43
600	792	33
600	798	85
601	60	84
601	130	86
601	147	19
601	313	91
601	318	83
601	398	15
601	478	62
601	669	76
601	700	67
601	702	15
601	817	69
601	853	99
602	236	24
602	438	37
602	500	15
602	646	62
602	660	60
603	208	13
603	266	64
603	417	55
603	506	19
603	577	38
603	700	50
603	839	39
604	275	31
604	339	88
604	353	34
604	476	90
604	726	37
604	729	66
604	733	88
604	786	46
605	1	47
605	79	95
605	103	90
605	132	11
605	357	82
605	363	25
605	423	50
605	798	39
605	845	25
606	401	86
606	406	66
607	175	35
607	244	73
607	340	48
607	373	67
607	492	11
607	526	74
607	566	62
607	600	54
607	792	20
608	33	14
608	58	45
608	81	25
608	231	36
608	256	50
608	303	28
608	353	43
608	377	28
608	450	85
608	700	73
609	137	11
609	469	56
609	580	90
609	641	17
609	777	64
609	836	91
610	103	27
610	280	26
610	297	30
610	348	31
610	740	49
610	815	61
610	875	88
610	886	43
611	64	81
611	199	98
611	267	68
611	275	81
611	418	84
611	421	99
611	725	38
611	768	19
611	823	62
611	827	93
612	256	67
612	371	70
612	435	72
612	439	26
612	707	36
613	62	45
613	111	40
613	472	39
613	809	56
613	816	95
614	7	85
614	25	37
614	32	40
614	242	58
614	249	66
614	261	87
614	415	38
614	418	86
614	466	13
614	471	39
614	612	90
614	627	72
614	681	67
615	596	43
615	656	24
615	732	20
615	801	83
616	233	57
616	315	81
616	372	33
616	412	77
616	481	15
616	515	40
616	516	28
616	554	58
616	619	44
616	761	89
617	37	85
617	162	94
617	362	48
617	827	89
617	872	63
618	140	43
618	216	82
618	340	60
618	621	41
618	628	56
618	734	89
618	865	13
618	881	30
619	64	70
619	88	67
619	110	43
619	162	52
619	202	84
619	282	57
619	323	45
619	836	81
620	114	38
620	174	100
620	178	38
620	595	36
620	831	21
620	850	21
621	142	21
621	205	42
621	245	44
621	271	38
621	447	61
621	661	25
622	115	15
622	268	28
622	362	87
622	616	36
622	735	39
622	883	78
623	16	79
623	97	88
623	132	16
623	217	56
623	365	19
623	470	49
623	536	84
623	539	17
623	588	59
623	643	24
623	725	22
623	817	74
624	198	90
624	218	24
624	331	64
624	392	61
624	427	28
624	486	43
624	677	14
624	816	49
625	61	15
625	140	55
625	168	63
625	249	78
625	327	80
625	646	40
625	788	71
626	183	57
626	372	14
626	607	91
626	664	45
626	846	23
627	27	57
627	213	41
627	456	26
627	458	99
627	701	16
627	720	20
627	741	66
627	837	23
628	3	87
628	24	19
628	169	27
628	233	51
628	394	86
628	428	56
628	438	74
628	503	35
628	752	44
628	805	64
628	820	14
629	123	71
629	205	48
629	255	65
629	325	100
629	328	53
629	364	77
629	376	63
629	438	68
629	520	33
629	646	23
629	682	24
629	845	13
629	880	72
630	63	24
630	107	51
630	140	37
630	211	92
630	388	43
630	717	49
630	744	70
631	109	71
631	211	84
631	307	15
631	404	37
631	638	57
631	779	72
631	878	98
632	306	36
632	430	80
632	510	75
632	536	31
632	723	67
632	730	26
632	739	94
632	748	56
632	835	85
632	871	49
633	55	42
633	680	67
633	716	63
634	66	38
634	221	85
634	759	34
635	261	77
635	333	42
635	459	19
635	528	66
635	742	49
635	743	99
636	129	55
636	178	83
636	194	84
636	265	42
636	433	33
636	733	38
636	888	16
637	9	78
637	33	99
637	99	47
637	102	34
637	673	44
637	835	81
638	129	99
638	253	86
638	434	86
638	597	97
639	402	71
639	494	44
639	620	90
639	730	99
640	66	71
640	297	14
640	305	20
640	562	52
640	757	36
641	3	65
641	311	82
642	60	28
642	369	79
642	414	42
642	434	58
642	469	64
642	629	83
642	743	93
642	785	71
643	227	97
643	319	21
643	483	30
643	615	47
643	803	88
644	308	50
644	330	13
645	155	22
645	239	50
645	259	57
645	657	74
645	834	14
645	856	15
646	120	55
646	214	84
646	218	99
646	375	48
646	665	33
647	168	55
647	263	33
647	415	53
647	418	46
647	449	11
647	627	76
647	830	69
647	884	58
648	74	36
648	213	14
648	381	28
648	395	60
648	490	15
648	598	77
648	663	14
648	789	19
649	3	88
649	112	32
649	393	36
649	547	72
649	566	53
649	783	60
649	796	96
650	109	56
650	119	48
650	498	77
650	606	82
650	871	20
651	6	79
651	149	93
651	175	13
651	571	18
651	611	73
651	694	99
651	697	34
651	808	85
652	363	45
652	458	87
652	459	12
652	517	44
652	519	36
652	604	77
652	614	27
652	715	27
652	743	52
653	273	39
653	453	88
653	538	28
653	764	72
653	891	99
654	197	54
654	471	71
654	539	55
654	547	65
654	619	75
654	843	91
655	14	32
655	186	54
655	226	32
655	279	89
655	306	72
655	406	81
655	504	20
655	531	74
655	617	47
655	639	75
655	670	61
655	740	89
656	32	92
656	230	47
656	537	63
657	385	73
657	542	91
657	549	66
657	613	78
657	688	27
657	771	100
657	782	31
657	790	95
657	868	73
658	24	70
658	322	64
658	868	39
659	5	19
659	318	27
659	328	34
659	524	23
659	738	11
660	244	36
660	259	72
660	421	17
660	429	66
660	500	47
660	673	97
661	2	93
661	46	42
661	144	18
661	350	91
661	419	48
661	494	54
661	523	43
661	526	79
661	619	29
661	667	12
662	153	88
662	359	89
662	720	88
662	899	13
663	27	25
663	172	29
663	221	77
663	568	55
663	677	16
663	693	18
663	852	50
664	15	36
664	51	56
664	68	15
664	384	44
664	562	50
664	673	25
664	714	94
665	112	40
665	365	96
665	394	74
665	476	24
665	726	18
666	103	75
666	135	44
666	180	16
666	217	50
666	580	68
666	582	73
666	669	69
666	734	67
666	895	90
666	900	20
667	7	76
667	26	95
667	31	15
667	67	66
667	94	34
667	134	67
667	164	94
667	194	73
667	480	54
667	634	32
668	89	38
668	250	78
668	482	81
668	494	41
668	899	84
669	62	63
669	355	20
669	439	66
669	480	54
669	539	32
669	619	62
669	764	48
669	826	44
670	426	98
670	477	97
670	615	75
670	746	74
671	46	90
671	258	29
671	310	18
671	593	28
672	287	16
672	429	14
672	494	71
673	93	30
673	314	18
673	374	69
673	466	76
673	634	58
673	655	45
673	842	22
674	457	14
674	703	39
674	725	64
674	733	54
674	844	18
675	33	92
675	336	89
675	350	20
675	628	70
676	64	12
676	163	81
676	193	44
676	264	87
676	307	12
676	526	49
676	629	39
676	716	98
676	760	90
676	870	85
677	134	37
677	198	98
677	266	95
677	805	15
677	826	53
678	100	55
678	376	54
678	440	53
678	558	13
678	576	71
678	802	96
679	179	39
679	306	80
679	345	32
679	379	34
679	387	68
679	657	89
679	712	25
679	717	100
679	758	76
679	842	39
680	108	33
680	205	53
680	636	15
680	703	59
681	12	57
681	176	25
681	183	31
681	425	14
681	450	31
681	480	71
681	491	75
681	721	39
681	765	48
681	866	36
682	162	74
682	383	45
682	457	28
682	670	55
682	795	75
682	879	17
683	19	26
683	200	36
683	328	88
683	459	18
683	593	75
683	656	23
683	702	25
683	762	88
684	35	83
684	295	63
684	489	86
684	556	54
684	694	42
685	7	29
685	53	82
685	138	75
685	149	88
685	154	59
685	374	26
685	489	74
685	590	42
686	162	48
686	178	12
686	374	100
686	423	46
686	482	33
686	660	67
686	782	34
686	821	95
687	22	36
687	77	70
687	143	11
687	289	86
687	383	83
687	521	16
688	274	95
688	297	36
688	337	73
688	358	64
688	447	15
688	661	14
688	666	24
688	690	19
688	891	15
689	86	24
689	136	94
689	157	65
689	278	68
689	293	95
689	407	89
689	482	25
689	534	33
689	800	49
689	821	41
689	859	64
689	898	42
690	256	87
690	380	97
690	597	56
690	700	93
690	736	22
691	45	96
691	181	64
691	255	17
691	294	70
691	521	17
691	591	98
691	801	53
691	848	59
692	45	42
692	460	44
692	514	14
692	578	30
692	699	86
692	714	23
692	788	94
692	831	15
693	187	52
693	251	85
693	335	25
693	720	28
693	839	60
694	10	33
694	225	58
694	421	56
694	815	43
694	889	69
695	67	90
695	106	30
695	220	31
695	300	94
695	333	69
695	451	85
695	588	96
695	750	87
695	806	22
696	47	68
696	69	93
696	70	96
696	277	91
696	287	90
696	457	46
696	474	18
696	686	36
696	824	69
697	48	30
697	480	25
697	527	57
698	99	96
698	129	100
698	261	97
698	526	41
698	619	18
699	61	54
699	242	84
699	399	29
699	545	98
699	711	13
700	562	70
700	684	87
701	275	95
701	423	23
701	542	97
701	830	69
702	721	69
703	51	59
703	245	15
703	302	48
703	644	84
703	662	34
703	669	33
703	806	32
703	891	53
704	27	68
704	114	61
704	275	52
704	419	34
704	658	17
704	681	69
705	38	16
705	294	91
705	362	69
705	527	99
705	534	96
705	772	62
705	843	70
706	230	42
706	301	41
706	390	79
706	457	23
707	41	37
707	595	84
707	791	85
707	878	27
708	638	43
709	415	84
709	602	64
710	114	24
710	245	62
710	435	46
710	635	18
710	716	66
710	804	79
711	46	26
711	147	22
711	353	91
711	642	64
711	655	79
712	3	46
712	797	13
712	801	55
713	37	95
713	466	29
713	575	16
714	292	29
714	371	40
714	495	86
715	29	17
715	54	28
715	141	30
715	146	84
715	301	90
715	339	91
715	446	36
715	495	41
715	762	29
715	839	85
716	310	64
716	598	59
716	610	68
716	662	24
716	832	79
717	33	82
717	42	16
717	402	65
717	544	92
717	640	36
717	659	18
717	675	78
717	832	26
718	200	42
718	276	87
718	432	70
718	438	89
718	577	65
718	771	43
718	795	67
719	49	71
719	114	81
719	216	61
719	232	73
719	322	44
719	402	85
719	431	23
719	445	13
719	539	17
719	767	90
719	835	54
720	14	42
720	344	57
720	376	89
720	428	91
720	520	70
720	523	40
720	637	31
720	641	11
720	658	23
721	15	35
721	333	43
721	484	41
721	563	79
721	891	68
722	389	20
722	411	88
722	529	38
723	393	22
723	400	77
723	462	35
723	502	93
723	600	28
723	771	29
723	841	16
723	898	28
724	444	30
724	447	95
724	491	25
724	505	90
724	687	89
724	733	27
724	782	12
724	827	33
725	145	84
725	302	76
725	440	19
725	697	97
725	709	76
725	767	17
726	160	48
726	242	78
726	547	47
726	770	14
726	885	97
727	9	99
727	28	14
727	224	77
727	421	93
727	436	48
727	626	71
727	696	47
727	876	32
728	189	70
728	530	57
728	629	59
728	658	20
728	665	96
728	685	83
728	717	29
728	893	23
729	69	88
729	645	17
729	719	45
729	803	68
729	834	49
730	21	70
730	78	96
730	450	57
730	641	98
730	845	21
731	221	94
731	301	63
731	342	65
731	359	62
731	509	19
732	432	95
732	445	19
732	677	79
732	784	54
733	144	19
733	180	34
733	221	71
733	450	96
733	487	21
733	665	68
733	857	78
734	16	92
734	106	22
734	256	64
734	488	25
734	709	27
735	21	59
735	105	82
735	260	11
735	266	63
735	275	72
735	312	83
735	371	13
735	745	72
736	121	40
736	350	42
736	695	97
737	34	17
737	115	39
737	119	71
737	531	22
737	602	61
737	757	96
738	82	17
738	148	71
738	178	74
738	337	52
738	342	86
738	413	98
738	452	28
738	536	73
738	546	38
738	681	79
738	836	53
738	861	85
739	213	45
739	383	63
739	547	81
739	582	27
739	781	58
739	866	83
740	27	88
740	120	47
740	280	78
740	339	89
740	806	23
741	15	84
741	137	27
741	171	74
741	203	28
741	450	44
741	765	24
742	9	99
742	20	52
742	338	47
742	478	48
742	686	69
742	815	80
742	829	45
742	888	87
743	123	87
743	250	14
743	413	86
743	493	12
743	550	91
743	708	57
744	51	67
744	260	47
744	376	82
744	577	12
744	671	78
744	743	76
744	789	69
745	222	92
745	668	84
745	817	100
746	109	94
746	225	77
746	535	26
746	729	34
746	781	29
747	358	58
747	785	41
748	313	56
748	366	95
749	24	91
749	83	21
749	144	35
749	354	54
749	383	22
749	571	96
749	601	20
749	616	54
749	654	93
749	711	20
749	844	68
749	852	45
749	878	25
749	888	63
750	38	100
750	61	19
750	202	90
750	280	64
750	362	58
751	29	63
751	42	20
751	92	30
751	179	43
751	451	31
751	705	80
751	706	54
751	736	14
752	53	83
752	72	62
752	380	29
752	573	20
752	595	94
752	755	52
753	101	57
753	190	11
753	207	74
753	291	32
753	399	19
753	452	37
753	460	54
753	505	26
753	514	50
754	1	58
754	23	40
754	303	48
754	320	16
754	419	60
754	446	16
754	578	46
754	626	32
755	7	79
755	115	71
755	224	94
755	259	88
755	435	31
755	573	29
755	717	31
755	761	11
755	859	98
755	865	21
755	883	82
755	894	53
756	296	67
756	362	95
756	396	65
756	412	28
756	449	12
756	707	38
756	822	82
756	844	17
756	848	11
757	103	52
757	111	58
757	201	11
757	225	42
757	482	52
757	617	97
757	710	13
758	52	62
758	190	32
758	207	93
758	409	37
758	463	52
758	704	18
758	707	51
758	761	67
759	26	73
759	36	29
759	134	43
759	208	20
759	441	89
759	467	60
759	469	32
759	482	67
759	529	26
759	607	38
759	668	12
759	804	68
760	56	63
760	121	37
760	231	28
760	319	55
760	349	31
760	638	26
760	662	50
761	43	23
761	68	28
761	361	87
761	365	74
761	406	67
761	600	80
761	622	74
761	835	22
761	853	70
762	43	59
762	55	48
762	57	26
762	70	22
762	112	13
762	173	47
762	540	84
762	578	67
762	684	53
762	706	41
762	731	97
762	747	87
762	788	62
762	792	41
763	85	24
763	139	14
763	293	21
763	345	27
763	355	90
763	451	44
763	552	65
763	694	16
763	841	45
764	29	100
764	175	69
764	240	60
764	396	73
764	510	38
765	521	49
765	677	98
765	687	99
766	241	88
766	257	47
766	440	69
766	549	28
766	594	16
766	631	60
766	793	71
766	840	52
767	219	99
767	284	91
767	342	77
767	388	84
767	391	28
767	413	12
768	233	88
768	283	55
768	294	69
768	350	38
768	389	33
768	561	94
768	603	30
768	706	76
769	197	57
769	332	59
769	492	88
769	560	75
770	95	66
770	210	65
770	277	80
770	325	83
770	448	36
770	556	57
770	749	90
771	9	96
771	50	97
771	213	46
771	245	53
771	349	45
771	528	52
771	529	21
771	547	83
771	841	12
772	267	36
772	386	21
772	408	37
772	535	59
772	577	27
772	604	67
772	693	74
772	770	37
773	23	60
773	684	98
773	849	44
774	51	16
774	169	52
774	207	98
774	328	39
774	509	44
774	547	35
774	752	67
774	787	68
774	880	28
775	393	22
775	429	71
775	431	23
775	588	15
775	620	55
776	265	54
776	312	64
776	326	41
776	588	86
777	57	23
777	107	12
777	128	67
777	279	31
777	346	39
777	564	96
777	579	90
777	622	87
777	623	12
777	624	17
777	643	96
777	647	64
777	788	64
777	838	53
778	719	64
778	757	66
779	85	36
779	114	21
779	126	27
779	146	46
779	378	45
779	488	97
779	677	49
779	867	14
780	27	74
780	148	60
780	211	80
780	428	77
780	579	13
780	618	91
781	74	83
781	79	77
781	133	58
781	159	20
781	187	33
781	293	37
781	339	95
781	388	35
781	508	86
781	595	46
782	13	26
782	198	41
782	408	76
782	531	36
783	58	17
783	81	60
783	116	61
783	181	22
783	204	16
783	547	58
783	579	71
783	623	68
783	657	79
783	681	32
784	16	82
784	346	99
784	403	87
784	466	88
784	483	92
784	494	37
784	691	47
784	752	69
784	804	84
785	175	34
785	198	54
785	488	27
785	696	89
785	858	40
786	445	36
786	484	12
786	543	100
786	671	20
786	699	78
787	167	59
787	189	75
787	450	59
788	439	61
788	675	19
788	747	93
788	837	90
789	102	72
789	256	61
789	505	74
789	611	88
789	680	16
789	689	74
790	33	81
790	229	93
790	528	19
790	620	39
790	637	14
790	802	31
790	851	92
791	200	95
791	520	77
791	553	65
791	731	48
791	747	61
791	816	24
792	7	35
792	32	98
792	157	35
792	217	40
792	726	42
792	784	18
792	811	89
792	861	93
793	58	81
793	144	52
793	310	30
793	313	67
793	478	20
793	479	60
793	511	89
793	706	36
793	856	57
793	881	77
793	891	90
793	895	11
794	136	30
794	259	66
794	331	92
795	14	96
795	53	18
795	697	60
795	760	82
795	871	88
796	177	80
796	227	77
796	243	77
796	530	28
796	533	31
796	535	23
796	668	86
796	836	31
797	17	79
797	353	94
797	397	59
797	543	65
797	573	60
797	734	86
798	229	81
798	253	21
798	258	90
798	411	89
798	581	83
798	612	37
798	687	92
799	152	100
799	370	56
799	389	45
799	546	17
799	673	89
800	132	15
800	166	96
800	271	74
800	366	20
800	380	88
800	696	38
800	780	96
800	868	65
801	48	28
801	226	15
801	312	17
801	386	42
801	717	90
801	750	40
802	641	59
802	650	77
802	751	17
803	32	31
803	44	26
803	235	39
803	410	17
803	702	70
803	728	75
803	740	100
804	106	16
804	201	58
804	396	96
804	883	79
805	11	34
805	177	37
805	322	62
805	371	25
805	516	85
805	639	48
805	710	40
805	762	73
806	27	60
806	54	71
806	230	16
806	445	33
806	595	36
806	748	75
807	245	14
807	448	73
807	450	15
807	558	67
807	643	54
807	684	23
807	847	65
808	147	17
808	327	23
808	335	20
808	371	38
808	460	51
808	462	14
808	612	11
809	182	45
809	295	11
809	296	44
809	315	61
809	385	90
809	504	29
810	38	69
810	192	27
810	514	20
810	531	20
810	545	34
810	571	91
810	630	52
810	647	76
810	709	18
810	818	43
810	853	22
810	867	75
811	84	45
811	444	75
811	702	20
812	90	56
812	92	97
812	154	58
812	289	37
812	389	80
812	457	26
812	464	22
812	611	98
812	718	37
812	739	72
813	112	83
813	198	68
813	284	60
813	420	18
814	52	82
814	53	19
814	81	88
814	192	24
814	453	32
814	461	85
814	628	66
814	709	47
814	724	57
815	93	80
815	126	85
815	373	12
815	507	61
815	513	76
815	516	87
815	640	72
815	680	99
815	722	18
816	28	92
816	30	39
816	207	19
816	787	84
816	868	91
817	272	60
817	287	60
817	554	42
817	634	74
817	741	79
817	747	47
817	764	100
817	856	23
818	366	84
818	506	21
818	611	19
818	614	63
818	641	83
818	651	35
818	686	44
818	690	27
818	701	23
818	831	94
819	101	70
819	181	43
819	271	11
819	413	40
819	522	48
819	740	61
819	743	23
820	92	57
820	224	67
820	518	24
820	594	66
820	795	78
820	855	58
821	127	98
821	144	51
821	310	76
821	318	80
821	433	18
821	699	45
821	715	70
822	122	42
822	481	89
822	495	29
822	574	13
822	619	79
822	726	95
822	760	11
823	143	28
823	154	37
823	165	47
823	216	78
823	342	76
823	502	23
823	575	49
824	223	29
824	237	50
824	279	57
824	418	11
824	817	66
825	116	45
825	251	17
825	417	83
825	447	29
825	571	58
825	836	100
825	880	45
826	17	50
826	220	80
826	314	36
826	734	23
827	196	27
827	387	30
827	393	84
827	633	33
828	45	89
828	183	100
828	261	50
828	399	42
828	507	89
828	564	49
828	865	21
829	145	46
829	275	30
829	294	63
829	322	79
829	358	46
829	449	84
829	554	15
829	600	55
829	726	94
829	849	56
830	163	46
830	524	57
830	605	37
830	785	58
831	31	71
831	63	65
831	126	90
831	353	46
831	392	57
831	463	52
831	617	33
831	862	93
832	97	39
832	247	28
832	286	80
832	291	87
832	470	35
832	677	89
832	750	33
833	202	77
833	345	12
833	475	15
833	584	11
833	820	70
834	50	66
834	492	91
834	563	75
834	647	16
834	670	28
835	262	78
835	377	29
835	411	79
835	469	91
835	499	89
835	530	69
835	683	21
835	796	46
836	123	26
836	398	30
836	619	21
836	688	43
836	891	32
837	74	79
837	162	100
837	224	23
837	528	38
837	598	71
837	772	71
837	872	84
838	161	36
838	361	72
838	439	50
838	469	36
838	506	26
838	610	23
838	735	21
838	775	71
839	46	20
839	72	14
839	202	78
839	334	69
839	516	71
839	569	98
839	705	21
839	745	66
839	758	44
839	808	68
840	11	82
840	104	98
840	142	61
840	313	48
840	439	24
840	742	12
840	839	54
840	844	48
840	862	19
841	359	51
841	386	22
841	466	18
842	130	70
842	315	51
842	367	21
842	389	54
842	456	16
842	480	55
842	544	85
842	726	54
842	730	49
842	792	45
843	100	52
843	231	77
843	319	13
843	794	71
843	894	28
844	254	16
844	274	94
844	437	20
844	457	22
844	564	68
844	674	94
844	704	38
844	766	54
844	870	98
844	875	78
845	31	42
845	138	72
845	217	38
845	539	55
845	643	28
845	775	74
845	780	54
845	819	21
845	876	79
845	890	88
846	365	28
846	377	73
846	550	100
846	604	65
846	615	47
846	688	55
846	696	92
846	721	40
846	857	31
847	39	21
847	131	80
847	224	18
847	367	26
847	510	82
847	519	58
847	578	94
847	583	67
847	727	49
847	846	79
848	232	25
848	317	97
848	392	75
848	430	88
848	559	46
848	682	29
848	717	22
848	720	67
849	36	81
849	382	65
849	383	33
849	618	99
849	637	11
849	673	99
849	709	90
850	109	16
850	126	70
850	508	100
850	521	82
850	900	75
851	269	94
851	275	47
851	303	52
851	325	84
851	429	77
851	445	13
851	540	30
851	787	72
851	882	79
852	25	95
852	244	12
852	273	34
852	528	18
852	713	98
852	729	98
853	29	97
853	165	26
853	167	82
853	183	46
853	222	77
853	382	59
853	458	15
853	528	73
853	562	55
853	598	80
853	630	62
853	709	29
853	803	12
853	860	60
853	874	37
854	94	52
854	176	40
854	221	22
854	358	87
854	363	29
854	393	59
854	535	19
854	729	20
854	792	61
854	801	12
854	840	78
855	14	60
855	77	66
855	231	85
855	238	47
855	361	86
855	426	48
855	900	21
856	171	61
856	294	29
856	328	58
856	394	88
856	414	71
856	442	24
856	568	17
856	724	87
856	786	34
856	824	74
857	171	54
857	214	58
857	224	83
857	226	92
857	228	39
857	249	82
857	356	56
857	391	97
857	504	25
857	560	80
857	686	82
857	767	49
858	150	21
858	430	50
858	549	70
858	685	82
858	739	12
858	836	45
859	133	39
859	138	69
859	202	50
859	231	92
859	404	61
859	518	91
859	796	68
860	34	55
860	52	39
860	81	53
860	180	45
860	199	75
860	390	14
860	429	19
860	529	51
860	566	28
860	656	29
860	847	12
860	883	65
860	889	55
861	19	17
861	94	95
861	162	83
861	487	88
861	554	14
861	752	52
861	898	88
862	102	58
862	301	48
862	342	96
862	517	86
862	623	36
863	36	37
863	167	35
863	179	59
863	204	72
863	265	91
863	290	34
863	315	24
863	612	72
864	48	85
864	82	34
864	85	83
864	250	67
864	714	34
864	749	41
865	37	55
865	246	39
865	559	16
865	656	33
865	681	24
865	687	42
865	705	96
865	755	76
866	251	81
866	283	49
866	552	63
866	614	92
866	621	99
866	704	29
866	815	98
866	849	97
867	295	88
867	383	76
867	395	69
867	563	67
867	565	87
867	805	18
867	837	17
868	332	32
868	404	50
868	459	63
869	64	67
869	141	22
869	158	22
869	259	73
869	263	52
869	278	61
869	313	43
869	353	16
869	354	85
869	708	85
869	833	37
870	174	58
870	197	75
870	256	40
870	434	45
870	505	67
871	240	55
871	477	37
872	58	95
872	126	75
872	206	39
872	232	51
872	490	45
872	651	33
872	659	31
872	880	25
873	25	89
873	608	83
873	618	32
873	633	67
874	235	93
874	546	81
874	570	74
875	97	94
875	110	85
875	238	69
875	316	56
875	700	13
875	830	31
876	44	98
876	77	30
876	90	56
876	538	68
876	762	39
876	820	74
877	7	81
877	357	88
877	376	59
877	498	55
877	628	69
877	739	46
877	889	25
878	118	90
878	244	59
878	249	81
878	656	43
878	699	39
878	795	87
879	28	69
879	32	40
879	163	58
879	382	33
879	595	82
879	865	42
880	133	41
880	251	19
880	337	42
880	401	20
881	66	99
881	173	20
881	249	86
881	384	79
881	412	31
881	537	30
881	620	31
881	665	52
882	281	92
882	352	30
882	718	97
883	15	84
883	81	93
883	261	54
883	530	59
883	635	98
883	678	34
883	738	86
883	803	48
884	34	24
884	66	83
884	168	14
884	494	57
884	539	84
885	359	27
885	460	79
885	847	87
886	34	94
886	387	72
886	391	88
886	488	26
886	507	19
886	530	33
886	713	85
886	803	44
887	43	59
887	45	18
887	81	25
887	334	33
887	385	31
887	599	38
888	120	50
888	127	17
888	136	96
888	274	38
888	314	14
888	365	39
888	432	29
888	838	40
888	870	67
889	52	98
889	63	15
889	87	11
889	445	16
889	527	80
889	626	75
890	112	82
890	227	47
890	402	94
890	677	74
890	712	100
891	3	31
891	209	75
891	270	85
891	488	45
891	689	28
891	733	31
891	791	73
891	840	16
891	864	52
891	889	77
891	895	84
892	35	19
892	44	14
892	54	28
892	83	22
892	197	79
892	300	64
892	362	79
892	501	28
893	104	34
893	254	11
893	266	67
893	283	81
893	404	89
893	450	11
893	502	67
893	521	47
894	124	24
894	256	43
894	268	12
894	420	94
894	490	43
894	589	72
894	632	65
894	704	42
894	770	66
895	81	25
895	196	73
895	355	34
895	431	52
895	448	51
896	19	100
896	149	45
896	708	34
896	868	63
897	84	73
897	299	87
897	463	49
897	591	26
897	717	41
897	775	24
897	808	45
898	13	92
898	73	75
898	188	52
898	331	41
898	386	56
898	429	82
898	495	57
898	551	85
898	603	53
898	663	93
898	789	96
898	805	21
899	469	38
899	502	70
899	506	27
900	304	47
900	337	67
900	572	67
900	776	80
